100
55866
41633
77632
72073
92397
77030
36534
39845
6928
3839
47682
10287
5080
52789
8761
94606
90748
99565
15843
83366
70153
63740
57159
21762
12012
75079
43640
76413
57385
43978
92082
41810
54038
13174
28058
75983
87560
63973
12125
90219
39297
11710
27976
51177
37428
90895
41385
3627
52430
82623
15280
39016
65970
38059
76737
1158
16264
6366
13160
83614
28179
67498
12493
87472
65522
30721
82649
44230
96193
34474
64429
36854
93652
69814
69803
268
39207
10263
4238
38420
48704
88187
33042
62906
71243
19323
53026
34977
97827
64210
47256
8521
77434
9663
30500
98655
88489
51823
77799
39655
