100
15 50
122 121
197 38
-39 -163
-50 106
-74 -126
-186 49
153 -14
82 -122
-189 147
86 148
31 -138
128 144
-74 -192
169 -15
138 3
124 159
0 103
-132 -43
-54 -147
160 13
-52 -13
-85 50
-31 -12
26 -152
-116 158
60 -18
-90 -15
-9 -100
-86 73
-105 189
95 -118
1 -114
105 125
139 194
144 35
68 -87
-53 64
-38 -86
-94 -70
39 -152
182 75
64 151
-121 86
-197 128
0 -71
-21 196
99 31
126 190
37 -147
80 -157
-126 -149
135 130
-191 -101
-181 -67
85 -160
-101 -117
-166 62
186 -160
-135 -187
195 24
-152 148
124 0
-105 88
79 195
-40 168
88 -188
-30 131
73 50
179 -125
18 -89
-174 -149
75 172
-200 129
170 102
-121 159
172 39
93 21
-188 -5
-66 -14
-178 -52
70 177
-18 144
186 2
19 0
-199 -65
13 -117
-15 88
145 -176
136 181
-107 36
195 -143
-58 -18
-39 0
-84 148
111 -64
0 141
-172 -65
-92 -101
191 -121
