10000
13731
18318
5147
1577
21728
22552
29571
26155
19704
23001
10632
25986
9829
12665
5311
15333
21119
5158
25663
9489
29894
18150
16906
5369
19109
23915
19796
12233
20345
18353
5024
22803
27383
3999
2055
12223
12960
26085
1651
23740
15012
23000
16202
18977
13301
24324
11256
5605
14818
25069
19315
29403
6120
27736
23379
12285
6492
14811
5092
13438
13310
19249
22904
2909
18989
19755
4873
4721
13369
23869
15151
23543
10184
15501
10837
4777
22548
12577
5325
16114
15980
4109
12742
2395
23367
14509
6830
5843
23435
21288
20145
22038
23462
23738
4867
9628
16219
14694
10090
25243
6177
18194
14839
20959
29714
23502
8602
22695
19922
9195
23753
7811
16390
10103
23480
14004
14269
20609
27718
9649
13054
17544
20105
18094
7104
17956
1118
3936
7033
21960
4315
1961
74
14820
22868
15924
12629
19201
575
20377
16005
19676
25070
3126
26875
14619
6933
7792
13386
11881
10386
21095
17867
14697
18053
19887
8359
14539
19160
17062
25329
12790
7894
24953
22347
10267
15079
1797
5017
24326
6658
11366
748
18785
123
25855
23265
29558
4414
19675
8893
10463
6147
2107
14915
2575
17643
20672
28405
1478
3968
1654
24237
7170
27206
29419
6
21626
12405
18165
5879
10245
14315
26491
7741
24133
5233
9198
16634
21898
10481
22786
11473
17563
27856
29384
25349
7853
11834
23840
9779
21126
3021
13837
25075
6155
1921
21363
22303
12506
4037
26552
6635
15187
18823
20395
24905
21034
3128
20267
1552
3130
466
15097
15293
19628
3490
5398
13210
6107
8636
5529
29179
6456
1282
5814
27507
28742
16135
14231
23334
21175
12006
18623
16668
26382
18951
25565
12175
18876
25997
8380
915
26262
21335
6201
11641
26153
18677
1009
4879
20480
10646
25771
3916
10806
1102
5627
11558
3153
17745
9590
13905
9688
10701
4233
869
17110
18819
5793
13280
10045
17405
9179
9928
21204
8563
25850
16269
16578
2301
22445
16711
12111
127
14114
1074
6816
5894
6259
24044
29447
13590
29564
22453
6501
3499
16818
9647
4085
2512
25174
20635
27656
13090
17700
6445
24635
11124
854
26865
7560
16663
12684
19509
16471
22170
1648
25091
16016
17927
28142
15398
25630
813
12613
8109
11486
18652
16791
4670
24873
11164
19826
20725
3453
13157
29540
27138
1124
23860
28585
15955
11522
10041
26203
1430
10110
7227
19465
28990
4185
22921
21560
7657
12388
29164
27378
9515
4337
19679
9055
15293
988
26635
9434
1947
20909
15850
24605
17190
2199
6088
7184
25131
24485
2558
21151
12756
14646
1452
17224
3048
9718
23613
14880
4058
22503
15128
8302
20057
42
13414
25203
26153
6757
18293
10830
23311
18080
11575
19631
17366
22651
5387
13350
21021
1788
28589
27179
8556
10398
2128
25946
16907
16474
21014
5855
25063
20090
17562
22961
29808
7085
3221
16917
6132
21370
12953
25081
29619
7648
18056
21395
22810
26330
28088
24733
24596
22248
17323
27452
26093
25624
20123
8579
27986
14639
10298
15917
10229
24419
9652
1953
16808
20771
18569
4338
1335
8170
23923
14342
15193
3189
24313
12830
15787
5601
10
7814
14211
20782
9642
14893
5547
12224
5980
22979
22424
28307
15402
13579
13263
26085
23503
19993
842
25439
12475
28241
26170
19040
20278
19614
5614
11350
9577
26922
4058
28548
26877
8926
2094
13544
1271
16506
28960
12231
17346
27169
28613
15217
5804
25380
26
6188
23196
22658
18695
6464
5878
11422
18000
24970
25397
13362
28918
9925
28715
4570
8605
2216
18148
23814
21439
29039
23826
28946
18252
25431
6310
25736
5413
6746
26841
16768
1027
3345
5767
28339
20645
6470
6540
18575
18463
4489
2943
17808
5352
23667
12042
27001
20031
807
27592
23024
23101
9098
1728
5140
29155
14231
20622
11012
25393
10564
23761
3707
2860
24233
21809
26879
358
6613
171
19618
942
16406
4327
3772
26023
16622
16362
25634
24905
20428
27851
27662
693
26563
23412
17754
24778
14851
23568
10687
5352
19123
18006
13532
7800
2180
10304
16126
2138
10639
6961
24636
24822
1950
636
18748
26342
19072
17146
17188
17980
10948
18287
4391
25675
13596
28404
27813
27969
1359
10340
9341
2508
19363
16338
2452
19125
29369
24250
5345
14117
24991
29766
12091
13429
24272
13240
1644
16452
20967
3106
6762
9776
29724
19080
19141
9919
29228
28812
29104
19925
15027
6658
22548
3617
11385
8522
24123
26648
8728
1223
25244
14453
26044
11865
29927
5026
2808
14589
22971
15797
21088
25458
14143
14342
184
26712
17261
16442
6328
12933
25479
359
6984
18717
28778
12312
20893
26540
8551
2315
26514
8433
23930
18025
2350
5615
17015
25975
3322
18565
13466
28393
3624
9885
13008
20797
8067
27043
7091
19642
4061
23801
1603
14207
22763
8609
3036
20126
17798
19891
27553
11658
1669
26591
27698
4239
11331
26820
22176
22521
26540
22270
10105
19449
12177
21456
16617
24710
335
17773
6111
25013
8651
16439
2682
19418
10573
20063
17117
18168
13374
28390
15568
9927
24201
9215
19342
13048
11730
9849
24799
3456
27508
1261
26912
28938
3832
1307
14931
14366
24626
6861
27411
16505
17667
1723
3982
7384
27463
20243
23501
18184
16134
29564
17969
8789
21590
10710
2973
22897
18049
27954
3675
25457
19892
2481
16581
4135
11422
239
14235
5999
3631
26246
18954
8478
8347
7383
16913
16105
5790
9481
4985
9371
17680
20847
11300
19932
25533
947
11770
15326
14055
10278
3498
6536
21652
25579
11084
14532
22163
1713
6287
19280
14328
8217
21727
23043
25965
21314
25856
29595
17841
26270
26947
6836
10578
25813
22254
674
18425
27757
12133
27817
2601
14674
15790
15653
19291
21101
5167
27561
4736
11112
11880
9895
18144
16973
25229
12848
13091
7455
18608
9852
29677
23894
24305
22639
29952
28728
10468
4205
18188
25633
18197
25377
15418
22370
25723
28096
1265
6457
29177
7908
19363
24787
3290
12035
473
28170
28132
8974
28785
22221
27630
21465
13258
15861
17961
25235
26141
6116
27354
14671
3313
26713
27858
29322
5536
29983
8953
2755
1065
9898
22380
13701
20165
4211
22752
8710
4346
28377
27301
22509
5037
25113
18845
9692
281
16219
24200
18232
17235
24297
24
25078
4701
13666
16702
8792
28060
29135
10174
14924
4446
19266
15999
23413
10705
19970
22898
14546
29678
8429
21051
16091
13539
22249
7254
7358
13712
22184
27260
7315
25677
2137
16242
13744
12556
9802
14227
3167
16684
6525
11620
1518
12834
16872
15314
11496
3578
805
531
26757
8832
11045
9355
22054
14898
18332
6774
9574
12288
3678
3919
28273
11480
27622
7216
352
29450
14917
25251
7598
26712
12042
26042
12629
13512
26524
18021
24567
25904
11658
6909
23933
13091
3129
16248
27074
19813
16970
15520
6019
27117
2260
25712
22872
9223
11198
11339
23962
9699
21220
25162
1698
5961
28254
6607
10168
23620
26137
2511
27471
21121
2931
8357
6670
19553
17017
6976
21020
16527
5615
13184
28205
8928
6824
15334
10782
23424
1386
7912
12708
16428
5886
29308
14433
6215
3322
25069
25803
7338
14879
10120
1370
18739
17602
24393
2879
20354
10814
13002
8034
22577
1477
4955
17735
5933
25401
24946
5044
21556
2225
5298
3793
20476
25196
18037
5956
497
20281
20087
10665
13528
23191
21785
5816
5934
10784
3325
8447
24431
1126
26822
24018
6464
4969
27681
12596
20805
11654
19152
479
1926
20563
5445
28466
12808
2089
15514
13258
18206
8968
13017
10739
9686
17274
5952
21442
13776
28994
26794
21857
9944
29413
13013
28307
21965
1752
28760
21443
25756
23006
28680
7524
18070
19471
21880
9362
3823
16126
11794
26055
28850
9346
19657
28513
3010
11430
15041
24592
22946
27410
16170
18064
14738
13152
29856
3986
5934
27682
5629
16928
22148
16902
20540
28822
10291
14835
29802
25497
27863
9718
23872
5169
9077
4701
4113
4597
26220
3275
24194
4705
14871
17884
7654
12870
28660
8706
8450
16470
23130
28738
12649
12041
659
4646
14962
27002
3352
15476
8628
22198
28279
24006
27195
12360
19190
15955
15420
29179
1802
23825
25974
14377
20857
10182
2709
20724
18380
24973
144
8452
11927
17714
22095
7915
18186
19305
27634
16185
25889
11274
20463
19516
18223
20845
6181
25211
193
24350
15647
12898
25219
6751
15617
1540
7797
20991
21297
13740
29005
27588
2210
14576
24294
29624
15691
18538
15027
25853
14815
942
5655
18091
21743
6054
27714
3037
13284
21506
28910
24549
9325
9307
9669
8765
859
2915
22107
3137
1614
13321
8131
13377
1714
22853
16126
26588
29615
19373
19891
6425
8490
7738
18087
9383
14731
9392
11712
28893
3939
21553
7178
7455
19215
26264
18066
1381
25365
14147
9357
26987
9581
19733
27654
16890
23663
8970
5170
13134
24892
27337
1980
23809
8695
16230
24999
7136
17187
21660
17552
14903
8596
21966
20842
17544
9381
12488
12586
27540
19375
5112
18880
2083
1991
20392
16577
8340
9142
27097
811
10380
26878
28540
22463
17020
329
22651
17853
20899
6739
24624
19622
1719
15939
13071
4190
7921
24951
17884
14329
17538
29321
11128
20578
22779
12132
19817
7053
25831
18088
13935
4581
11501
15328
27304
21368
7823
26642
12083
3297
28343
9565
13832
23014
16533
8889
23171
25645
24643
18756
1800
20752
28288
22485
15695
29113
8817
27606
5376
15636
14641
9379
28755
3484
813
3629
16142
1078
2160
14459
28590
25987
9175
18160
11152
16885
15539
25955
29165
27044
5612
15844
21843
28101
2858
26732
22425
10749
5973
2153
28606
25394
15111
11655
856
19227
1858
9537
14260
24797
21813
19012
13643
7194
22217
16781
16317
5912
2684
16987
5444
19076
15574
26984
6700
991
16119
22178
27578
4929
24602
15511
23809
15837
10203
10073
13568
1736
4682
620
5155
9339
7351
1200
2402
15886
9026
25782
17147
20427
7042
22344
14450
16418
11255
6204
29119
16376
25792
25418
21311
7756
22603
6875
1737
23491
4880
8885
19012
22516
24613
1477
2654
19500
24053
24050
20659
23026
14617
24908
22331
20701
9417
20450
25931
11647
13796
12192
12603
15996
9123
29324
29799
3772
9800
27231
18827
15175
6905
7886
3692
25222
13221
8602
23542
6796
10599
20069
25220
19430
14792
18808
22360
29865
9340
26642
7402
17052
12548
14851
3776
29485
21700
19563
1570
28171
23731
5621
29436
20668
25687
20240
16721
998
28648
11696
6581
8051
29578
27638
18158
29850
10637
7695
6964
818
7621
13333
10464
16057
18842
9996
1470
16637
936
2574
17403
27514
24932
21440
1950
4007
15638
20932
21384
15177
4928
29687
20477
18873
11234
6538
11604
23918
2970
15734
781
2274
8608
15637
28673
11858
14814
23725
2310
15179
24741
13043
9928
27382
25834
20289
2442
8815
17555
14761
11046
26316
9643
17225
16459
18475
10755
24763
10917
3069
26145
4199
7466
8919
845
26291
24209
9063
22983
27567
11908
25264
12859
9943
1016
27797
3170
26058
5239
11320
22546
14139
22472
11659
1354
20513
13500
7240
4244
19129
26297
5667
17593
24956
17168
11008
24861
13677
29417
6392
7576
25806
12998
9973
11087
7703
22047
5921
29317
27645
17538
20853
29894
18410
3193
7507
9147
17573
21191
7593
21343
8343
9733
10438
7549
22221
1589
16160
1625
4255
18338
14086
13759
13085
21031
10819
2002
8588
24180
13177
19782
29005
7770
3278
1749
10854
2908
20841
1006
24470
834
15034
29918
4613
16002
8606
20983
24760
26735
23886
17338
20164
11969
6893
10044
21927
319
8076
24148
10034
28781
21312
8018
1388
24341
20645
14152
19370
11323
6390
15770
4557
10352
8107
22661
9322
1712
2232
1579
20791
17670
9167
29213
2510
4675
24486
20824
26153
3322
8441
24348
3361
10214
18392
23113
27083
15487
15108
25575
9511
8202
19977
2621
7476
28792
5321
22132
12731
13208
18879
21946
17970
27242
3521
28394
13927
14073
4824
6291
5999
4239
25570
6820
4283
26733
22316
6105
11700
8293
23332
22456
27683
5864
11322
14758
1406
951
24892
19289
12128
19334
20602
18441
9252
19072
2088
1269
29436
14184
29938
10915
8695
25184
17903
2621
7026
15971
11422
13309
14920
29785
18488
16021
17427
21064
4253
22364
6316
3639
11374
26485
22330
6237
14190
11086
19015
7176
26646
16760
28975
645
20232
13035
20141
10472
3212
11220
28757
20582
11360
766
27070
18612
23679
27037
26418
16192
21137
3395
19178
27295
15670
16694
6954
6082
5036
20010
14006
8634
2280
18235
25818
28596
24216
25290
2567
2162
495
964
20312
3642
28833
5451
2501
9010
24850
27653
9139
25878
28283
14485
7401
23444
14111
4372
12478
25177
27511
13978
25467
20449
14348
10283
12168
15823
25856
18014
3468
7995
22015
27865
1230
21202
8758
14574
15011
7403
21324
20764
11852
11078
26010
18905
11308
9663
5864
11058
29239
846
10900
12336
199
23060
11819
28832
7718
11043
10790
27511
24115
18982
25782
3681
24256
3060
10397
29417
11409
18128
23333
4978
21454
390
21837
25546
2591
17424
9227
3119
13369
7266
17571
23484
6763
23591
2476
16408
25061
3064
17623
26388
24676
7986
14205
17132
18383
24507
1426
27148
13467
20112
6605
1386
488
570
5152
3985
20460
832
10096
3464
22433
17916
14208
5438
27538
3610
29951
16220
18179
22015
4217
26824
27240
3868
22100
17450
25796
21331
6658
22734
14006
12141
22397
2
8054
21327
18803
26925
14260
15799
10634
29677
4939
25771
20995
2124
14874
13073
107
10126
20916
13588
6868
593
14936
11915
18061
9321
7225
1938
15087
17912
27567
28863
17165
14718
19852
17995
3652
1597
18555
3154
17492
740
15436
9817
8471
12848
19328
7538
20812
12079
3222
2218
27727
16341
18523
27247
20247
21274
15459
22219
14324
4766
29161
4747
21461
8252
16710
3889
16492
13874
10216
11971
20205
9321
26938
18164
21888
29997
15981
7845
17670
7594
16049
20461
5764
20109
14349
28711
141
29082
6627
10320
9398
25879
6682
29722
21335
2756
28957
15593
13570
2071
6825
6335
447
27834
14999
20757
21921
3360
13428
15473
8881
11510
23205
15308
3787
21270
18798
11049
11861
110
16563
7871
3671
22530
13693
17365
19040
16583
5288
21897
21398
28246
17469
20913
15024
27010
24434
25813
21045
14644
28320
26633
15600
22729
26099
25092
12079
18357
23647
1986
2043
23406
18383
16253
29788
28330
22698
10123
24704
15249
7283
20457
22927
18413
20790
1313
5577
6320
23664
15921
4333
8132
10
2773
3274
8055
3063
687
7572
27961
5690
11949
25866
8317
2125
14515
20870
21366
17766
419
25892
10444
25116
23614
27937
29037
1127
16902
26092
25417
653
4967
6723
9991
21591
11200
25993
4678
24561
15616
2367
6698
18711
16018
28602
29661
16526
27350
23463
26323
25378
16336
18181
15827
26106
9901
10887
5685
11444
22499
18554
2746
28149
15859
3691
22771
19644
13741
14434
24958
4746
29749
9856
22407
7134
8332
10665
18335
26485
7630
3474
16386
14891
25993
2538
11206
12458
11775
18661
147
18185
19891
29458
426
15918
3264
7724
26890
21385
2283
18515
28409
7496
8184
27443
13236
3216
2216
19032
9880
199
5094
3892
28300
27004
25905
5691
12279
15657
20694
12729
20163
4097
27710
20678
19415
1601
18671
8622
4323
2126
24213
17287
6346
5244
5795
22415
9345
2313
27452
9529
26283
12996
18407
14513
26591
25262
28534
1555
2863
1904
12532
14464
27955
19534
12372
10913
17793
18328
18017
29183
11690
5989
20249
11976
11917
6189
12819
8421
10830
5339
20254
19945
1431
2683
7669
28999
27051
17139
2182
18055
18798
2606
23590
4055
7638
5113
2355
19392
7990
21964
26398
22582
11180
26378
3656
2148
6048
16549
11410
15583
27101
27117
15230
7248
11766
14856
21563
7691
17346
2230
19573
21434
3955
17546
16689
8616
9895
12842
26310
9450
17973
3545
24212
28811
22150
1471
1632
2168
585
120
3979
17724
11442
7286
22686
3452
1611
2111
27997
12923
26717
11050
27630
5980
6012
20469
27683
26721
14130
21764
26978
9713
13649
1636
19932
14548
16229
25418
1229
17556
11254
1683
28182
6958
7466
27755
28988
24187
10225
10625
14513
26976
8893
18815
23327
14984
16168
2441
13828
13201
28962
11109
7488
14145
10505
23585
6451
10553
20001
27403
13327
16324
7038
1744
10020
16113
19612
1699
12881
22581
17552
18310
14182
7480
27879
1903
9536
11090
10135
3313
14101
21389
18458
18815
1366
19998
3945
14702
111
16094
19968
14132
17065
5339
2184
1105
19401
25117
24543
23468
8181
18253
15837
21215
17175
21499
11209
27248
14349
24699
29331
5650
26832
29311
370
2829
22406
7534
20257
13802
11154
28286
7847
23833
17166
6484
7728
26830
3551
665
22553
7252
23384
23553
3765
11941
2303
29746
10087
8538
24292
5971
195
19803
26689
17744
21302
14305
14269
2011
12823
4350
12288
23452
27129
20218
28070
1364
27143
597
20041
24281
24713
24287
9491
20877
23341
10348
17861
2369
27387
11467
5100
10501
14246
25906
5344
16590
23241
3881
6205
14196
29021
311
12747
9234
27394
14653
22265
25385
24244
17910
12776
1870
26111
4234
11724
9988
24593
8448
18600
1199
20028
14537
5138
4793
475
18913
8917
12270
13081
22757
4751
23716
29860
18068
12374
11806
17696
4327
20674
29854
9842
18304
14310
15487
18021
1228
17468
23289
28747
11668
24942
20343
9039
10622
15737
24022
7734
25160
22406
18008
14790
8309
24728
18314
26689
4028
4653
9313
26811
455
11800
21014
25717
28733
12879
22222
27610
2531
13398
26272
4768
9050
15280
1870
10056
9159
6728
24609
10394
19409
20135
26918
4921
20937
4799
15217
26301
1749
14691
11070
24903
14281
26115
822
17158
25178
999
6251
1401
26710
25494
19063
20745
1927
2210
1401
13696
10426
22806
14625
25146
29113
2754
15372
12438
1435
1762
18188
17670
19681
14673
12004
16492
29690
13034
14522
19869
4041
25847
13334
24450
11462
16443
24678
27175
2184
8405
16991
23342
15456
14558
12428
24979
20869
20549
19393
9257
28035
21182
8464
17579
12913
16143
28624
7124
20315
2840
24580
20786
23855
9268
22201
11771
29167
9756
9147
573
10806
18093
6077
19162
10277
27453
22068
25083
22368
15918
19657
9277
29953
28984
21360
2366
1206
27069
10664
15326
21904
7140
22575
16592
18568
1117
2645
25275
13821
5697
16435
17899
15823
27481
6574
25517
4609
16286
29469
21763
13196
7782
3742
10808
29306
11595
15765
3059
10070
3691
159
28250
3848
10424
3285
4165
315
25267
10468
20094
12841
3644
17526
18539
16213
21135
27463
19779
7437
10382
25452
11237
18984
21160
29806
21362
1698
16927
1087
10649
3412
19834
29449
22543
382
28982
21521
18612
23723
21983
28380
3807
24233
16304
23223
21516
1393
10432
3052
11484
25624
10581
9676
9451
4151
19763
19229
9452
845
14227
23032
13569
4391
28265
23460
1159
24252
14765
12427
29626
5206
19796
1687
16554
22857
8140
6546
9310
10276
28697
19901
10840
24309
23496
9811
21267
14726
26479
10987
3659
22733
24096
1637
23275
25622
26937
385
24727
19080
20338
18042
10999
19204
12245
15998
2263
5059
13
18119
6508
23327
25096
21365
2480
10851
11526
5839
29541
23198
8986
11014
4022
17844
29944
272
10696
14864
25129
9524
7593
20636
8861
18787
13515
4987
29431
2106
28902
2865
7359
14305
10205
7532
17651
8719
15533
6614
11092
29107
15837
2821
11071
17499
4168
16848
12680
12139
27537
27381
29921
21942
24017
28364
8076
3972
26314
27539
8756
2022
13778
8184
21696
24691
10298
3622
13655
3368
24280
20962
12976
552
29288
6883
9985
14899
26134
25406
10659
27397
28409
1749
6061
15639
20862
9030
2133
29401
15420
7637
27811
22681
17508
24217
25668
24723
23577
23328
17044
14306
6140
26299
2146
25988
20146
17346
23087
23645
10774
25905
13398
402
19649
1468
24544
10370
6872
22719
12110
11538
29294
20082
4730
24425
8548
21845
16832
13356
6273
11448
8577
21019
3468
8785
7147
10250
22841
6491
16069
23810
14672
8454
7647
26667
29127
12913
15676
2661
20590
14621
28134
12791
6955
11564
25802
6764
15938
27629
29118
9689
13379
23115
24221
8742
19231
27012
12694
25321
7508
27411
27553
29715
11147
3299
7768
10889
198
29476
4626
10934
9649
28748
20361
11643
5196
3312
4377
9367
12976
10760
18007
18815
5356
20705
9898
16355
18579
15046
10809
9748
20447
16816
14482
14695
29495
5952
13284
26124
27348
2905
11636
8373
25319
23265
15811
16186
20241
25632
16677
263
18726
9246
6485
14221
24772
13270
11505
2633
11733
1166
23929
294
9148
1715
23569
3640
6703
6735
1939
14006
23516
27878
8784
25327
15612
10990
8094
24207
13618
23008
7565
6926
17456
20338
7302
21643
12627
17721
641
11120
18982
8609
627
27091
12079
14426
25455
6298
18178
14616
29124
12236
4106
15922
19156
26418
2440
18596
4213
5403
8079
27588
4200
19356
14154
9822
27721
7785
22958
9964
9527
20962
3907
24940
9306
25802
20576
29887
16880
28220
8310
11601
9277
29189
24868
9681
17439
1743
491
9141
23480
24311
13882
2051
4046
17385
13484
26478
5212
3560
6705
7610
2837
23095
24517
13321
3565
4482
1302
19226
26543
18421
19384
6149
17379
1824
24415
13791
24874
28119
7583
15595
5193
23017
12226
20525
9787
2554
28293
17851
27730
976
9468
608
5247
26529
22050
3946
13795
27422
10984
25676
18736
2146
5340
20389
21253
6445
16837
19427
17691
4353
15111
16657
17401
29113
8237
29655
9437
27775
15337
10805
4055
25301
3301
15438
18504
17820
5858
23794
24354
3530
18827
145
20841
15447
26947
11805
2454
21875
25459
19748
22380
10685
17415
3835
18191
11310
6065
20294
14567
23301
13949
179
21352
15412
24923
27342
27409
23947
12608
19540
8443
23741
4460
25695
24981
21459
8133
28467
14054
11200
5826
4761
20250
25038
14332
17539
6746
13159
2226
19736
4563
13782
19103
9674
21645
15010
16099
29999
16908
11876
18285
14906
29725
20488
26780
17099
15629
9384
1190
29761
19764
22212
4573
7226
16234
7373
21892
18426
18479
15221
1942
20334
11645
29807
673
17966
22337
6700
1971
20469
15231
14039
24059
26682
10378
13529
6685
24713
22928
25077
12251
29464
1382
1909
28655
15234
28912
20264
8894
11867
8789
27261
22044
27984
12380
18299
11107
1271
6150
7787
11960
20809
12259
12657
17965
19411
533
28507
20516
48
350
10075
21549
14565
4051
19651
19954
20782
11540
10333
7571
4190
22832
15964
7017
19042
10211
24846
27093
23653
13645
6038
19701
14747
14595
3744
10572
15394
8482
21722
21732
12991
23687
10482
25824
4611
171
4772
11471
19285
18743
28842
25051
25858
17859
20852
8427
12816
29103
21441
16918
19949
22556
8013
1933
18280
20369
9849
2478
6065
10771
16603
24772
18818
18580
4334
424
26595
26514
533
2675
18392
14669
13816
4713
2320
1402
6879
5845
15017
29142
12064
22597
7293
633
15275
9541
24136
21037
4930
26411
12895
508
13171
26046
29655
25761
28339
11267
19110
21055
15226
20930
8609
8789
19514
12147
27559
11951
13273
13170
5321
28309
26801
16261
26546
19330
10549
24617
2646
20204
29594
27699
6379
25601
21798
28325
21613
24217
18933
27523
2240
567
18047
19537
20261
28249
25004
19214
26875
26397
18816
29544
6200
28716
17184
24454
3509
16406
9364
216
19060
12321
23661
7722
23849
24877
12521
9041
27831
29584
938
12152
2785
3767
12307
20114
6492
19972
9125
24677
12386
29668
1134
17178
15469
19009
18806
12780
28244
2224
24398
895
3894
18438
4588
22532
24
27141
14070
3020
10737
11358
14445
8932
17215
19227
18403
18944
2710
9313
5993
20714
14971
2818
15800
24842
19006
23132
20457
6452
23738
9554
8940
17324
14069
28050
17801
19301
28606
8284
18974
29117
24934
15755
17010
26935
21553
11158
27494
28650
18763
21826
10950
5689
2366
27156
7006
26193
22854
11312
11119
15593
4987
15997
21051
6548
19780
26333
17913
27676
26925
14780
11611
6399
5354
20728
22080
20725
21905
882
769
5259
6531
20235
14699
9010
13592
22621
20086
13692
3212
10402
6645
21939
19818
23447
327
1514
29930
25448
14446
9629
9730
10977
22973
24011
22969
14698
1241
5833
19351
3464
4458
14815
13072
29149
17014
24411
18047
18907
4844
7901
21723
2807
10551
5989
22724
4869
15778
14786
18026
12349
10793
18532
7807
6367
22733
26069
1151
25587
29577
24130
26092
10816
29597
1905
3120
28687
11878
7357
6939
12467
21384
19637
10978
24896
10193
2630
9919
12306
26444
168
16780
17898
28238
6441
18572
23115
23770
27146
15828
15756
11179
27275
2638
19509
6101
26789
1858
17887
26294
4956
25169
11091
360
14116
28109
5206
6356
29630
3767
26532
18767
24800
27459
26775
27421
19896
6335
9824
12303
25807
6965
16551
3686
29808
12925
19673
1832
542
21363
17417
3170
9905
10471
10062
1272
23973
23204
11222
14647
29218
7466
1941
20079
5003
18003
29413
5592
16834
24801
16167
17433
6076
28190
5655
1965
1111
26218
20758
13389
12173
5191
8459
28685
19255
9831
10892
17955
12596
4771
13804
8100
9122
4391
29861
16197
21470
15126
28682
26930
25688
888
22605
7647
24632
5782
17154
11062
7864
27885
13951
24577
13047
8529
25543
25526
14234
3213
2978
19871
20562
14770
22786
8635
29039
2584
7302
831
6674
12968
1120
4209
29018
20897
13494
4388
7712
14744
862
10788
12590
5966
23885
10100
3469
21756
27384
3424
26890
3529
27524
13927
22467
14992
17340
11711
12528
25411
27845
458
13716
25110
21296
20684
18781
11691
8744
7418
27649
2246
24756
26770
9624
26496
27839
22394
17868
19335
12714
26512
7490
1802
19078
16778
6601
23340
1912
15626
28456
28217
16483
14674
29660
25119
8320
2110
12952
29135
6354
26033
8098
1708
12155
24424
13469
27112
7021
19837
15616
4796
9665
14287
2369
28279
7165
22658
969
26221
21087
5612
10854
24731
377
19802
20235
28572
26651
21100
19303
28330
21465
12607
2701
5950
5370
26749
17474
16175
2924
28390
16322
4988
12261
11596
15070
26968
29975
28275
259
12799
24309
1062
12503
15682
8408
26795
13317
8352
22023
562
8279
8478
4257
12590
23089
23947
23460
21540
22737
27104
26056
27563
6122
20033
16255
21420
17637
11584
999
17407
15514
790
4287
17802
4215
9805
15453
23256
8792
13886
7051
2988
11138
2597
3107
7510
11417
3890
2013
17941
17619
21730
14993
3300
10428
17510
26532
23292
29365
8004
28692
2297
12209
5750
10719
16761
26399
3358
20912
26177
11309
24905
15575
7895
2898
19393
11855
23432
2553
22915
24024
19065
25892
25986
1462
4643
9372
9610
26530
27518
14334
17016
28965
24463
2031
16145
12675
24330
7880
3861
27756
11638
28017
23313
18281
14808
13818
5958
9142
15066
15904
3357
26415
18273
27874
3935
11553
15709
24030
6349
26254
5646
28070
11426
27890
27184
12898
6749
18095
2777
10557
22257
7996
9906
18769
22296
26046
6349
16901
17522
28131
3348
12832
8452
19595
25201
25276
26008
20325
12404
1695
8160
11842
18795
22661
28125
11924
13928
21548
8594
27049
25412
28018
1626
11097
5909
14906
25338
3808
24162
7878
9569
25520
29825
24703
6031
24930
1374
15376
28753
11348
3979
11387
10810
22328
4232
24138
20963
14901
10133
16851
16095
298
12550
21890
4999
26799
29058
7691
23632
1969
19715
10240
14936
3342
16481
1675
7989
725
11253
27386
259
15125
4928
5155
29632
9161
4924
7485
17913
20240
18008
10630
4585
18651
23407
19041
19955
19011
6436
24379
21831
1944
24707
25061
9656
1245
15560
20372
12934
14720
27142
17233
3917
22636
26280
23871
4898
13433
23061
225
16909
980
16485
24763
5527
3149
14543
21858
22724
12223
2710
12535
25237
19848
25192
28246
29765
10157
13308
10665
15003
22792
22586
5913
16915
7768
6120
2466
19946
27584
4555
29448
19283
20100
12269
19992
29071
26862
15300
15335
26549
18066
14343
8825
29439
7744
9428
26505
13258
9570
24461
4796
21917
6893
19935
291
7731
26753
16413
11850
24337
4222
29870
22606
18519
12376
27952
22229
8891
27243
29632
21337
15865
2505
16472
26250
9650
14885
27144
15706
7286
20603
29241
22477
9165
7928
4566
4129
2226
29050
25391
9763
6654
6679
20811
20507
18525
8612
11561
9458
13403
9190
29118
21239
2146
28021
18930
25419
5189
25137
8181
27706
23920
20776
13098
25722
1242
12962
4089
8154
719
14038
24917
16493
28420
19618
1453
52
9558
22038
16329
16792
20334
9309
22172
4814
23359
1363
6971
15692
19079
15698
27130
14394
12782
8113
24801
13809
1367
22740
6305
8169
16373
16248
20978
9144
4069
19090
7389
16150
13365
10588
13041
14154
17596
1606
25252
16360
21288
7365
20894
15045
28011
23166
6288
9926
8773
17011
6517
16532
21639
17073
17348
18515
14142
10695
9073
10468
22524
14271
19911
12367
18227
21349
27944
807
258
7177
6477
27140
16401
21514
22783
8687
23803
12409
13332
73
8278
6288
8564
21474
9777
12525
18835
24534
26019
23005
10077
24736
26505
28692
18475
20431
19202
25723
22813
12704
23457
26430
3343
11307
29474
10000
6940
17103
8133
26118
3625
16160
9736
1650
23252
15346
29676
10448
22017
6256
8117
1096
28394
24265
5708
9290
25283
28336
9553
22053
28120
25547
27332
6884
4774
20852
21886
2731
9482
4993
107
22987
19642
12191
10997
22549
14437
7037
20207
18256
8525
1008
27550
8175
24911
21047
5782
11440
8310
24570
13616
21731
21169
23323
22709
8910
22920
22475
20030
7971
27813
20561
5210
21174
8583
23936
28017
8345
7861
29762
21276
21329
23766
14410
4673
20496
11519
21072
29872
9058
2562
21909
247
1736
22516
7072
26431
28754
19525
22689
21702
25806
18197
6963
7030
23458
15745
685
16597
24929
11094
26311
20045
1788
25766
16329
26682
22600
21636
14331
22920
18083
25713
24348
12692
21183
24732
13851
28793
27387
21414
2384
12994
2560
18177
11555
23549
15982
17577
17536
24412
1295
7313
29359
10152
17621
1026
18707
25942
10294
10571
5321
15370
22907
26502
6914
21954
22416
9020
24907
22330
10940
23617
1659
22693
12039
22773
10334
9479
2298
9245
7223
15481
7797
533
1220
28012
2954
13615
17504
23382
13559
4226
14674
23104
14094
1190
9658
25917
11341
1798
9043
7449
17561
8872
25208
26478
22909
2811
2188
13051
18986
23552
4739
16789
19417
18332
8090
22961
17496
7890
29806
21539
9401
15564
20226
1892
21777
16497
243
22958
14485
18139
22012
11352
12420
28855
8520
3401
19119
5586
5144
20359
364
1939
2422
5239
20306
8120
22014
29037
9593
94
12200
6853
17444
16140
26492
17284
14120
15543
26581
29228
23072
9248
10709
14737
392
18107
29062
9851
26894
18163
3156
1510
2694
20223
13588
16597
16975
12383
26408
11462
15999
7403
23558
21349
13318
3943
6099
2535
27435
19989
25373
6775
29670
7203
25368
25835
6714
25111
22746
16404
11890
29605
19251
1902
4538
4649
19434
12471
2387
17257
3150
6099
20249
19275
28076
29946
17622
28845
260
13455
20655
15557
18003
10031
24067
20062
9261
8245
22981
2900
25444
8090
792
7352
25016
19536
23296
5862
7453
16789
1251
28420
15738
29889
8793
438
4434
26830
8509
611
10163
14687
11579
15552
24578
26686
28486
6412
26045
17905
11328
5210
14489
17931
26737
3085
28200
15165
25453
3949
527
22717
10329
20242
4512
4797
6099
3911
8298
9007
24026
19813
22484
10081
9071
20561
6612
26368
15255
629
21943
28918
4030
7880
21393
14368
3428
5585
29515
18474
10041
9950
17377
29625
7978
12374
14791
24322
29597
21396
18291
29609
8043
19625
3920
8316
29892
26475
25949
17777
16194
28721
2152
27990
13076
14576
5579
10117
15126
15527
10513
555
2070
24408
8963
1432
18287
27960
27850
724
23683
8968
11880
10167
4487
1950
16127
20982
8002
12348
22284
11492
20568
21072
21832
1761
10979
7656
22032
14142
26193
23051
3908
8206
24892
16327
10430
21027
29196
19329
1963
28254
11568
17156
26192
14548
16994
29219
3000
22298
13130
17437
28485
27970
6735
28822
10079
1681
26463
19611
27268
26263
21514
19920
17273
16907
9938
1809
14398
5276
18557
9768
18630
3278
9191
20249
26831
25170
17276
27119
16162
14271
18076
15654
20306
19887
2257
15100
24364
297
15749
23153
24303
26200
29804
2962
18815
5078
11748
3610
10767
4453
9541
29769
9984
25189
7267
5752
24722
29295
19830
3938
28059
19103
28396
10132
24119
22282
3351
14601
25173
10489
28599
18426
9489
6476
13689
7612
9576
22572
13080
22560
20494
10627
2287
17896
19927
15823
22661
18045
22849
14082
20717
16462
3854
1827
7023
20601
2061
3209
1983
24447
17519
18305
28116
393
6118
2119
15021
22477
17670
7193
4690
1656
27456
26884
21248
12217
28342
50
20884
11870
20450
26859
4089
10926
23524
13625
4734
18828
28458
11483
22578
22129
16511
4650
25506
1902
1663
10370
6178
8079
23600
11099
22628
27174
25085
16150
14332
17445
23962
17616
22000
27157
10415
20137
13148
29788
16973
16251
2522
22153
29059
11634
19285
23471
10028
7513
26201
18209
4891
1654
21101
12476
27159
14334
18417
19934
15943
4980
12179
27246
1727
11500
26007
25451
13280
26958
6199
6716
2556
19991
6917
2181
13336
4159
17006
17722
20375
1885
1412
20072
24353
6361
4513
21328
2367
3805
2773
19183
11060
467
9953
12831
15561
5533
18784
10407
23240
9477
2521
25274
17107
16779
16035
29009
18339
26168
28161
8481
3823
1553
10798
389
539
29202
6692
1164
27262
2858
26236
21578
18126
19526
21690
24301
4002
16899
28268
17750
16295
9204
16507
26334
12164
7105
6683
13251
16749
16160
6003
18866
24976
21028
20583
10376
16064
24110
9039
16733
6289
27540
20680
26174
4524
11292
29783
15676
7582
21685
16939
9217
29054
487
4520
24277
11791
4021
20609
13195
27067
13816
8661
14166
28904
11231
28370
4667
17911
5862
5889
23720
19175
13930
18277
6607
17686
1493
27
21826
19581
11695
20771
28490
20944
26982
15828
25967
7173
28406
11017
12567
22336
11569
27826
26516
27197
8537
11514
10969
24665
17782
10383
18170
9585
4684
23533
23673
7032
6440
26446
22589
16660
27239
12248
12360
14526
23621
24404
8937
26344
4259
2761
1686
7193
26815
24968
27873
29729
8305
11950
5394
13412
11503
22817
19136
17903
6323
14864
11899
4530
8469
9321
29400
4162
14585
17929
22649
16218
24716
25615
21825
27258
24618
2382
560
22858
10640
29877
10594
4323
10020
27910
5180
11429
6581
13006
10561
715
13844
11414
17254
17074
28660
7397
21496
19503
22987
5574
92
24420
28245
19623
23619
24411
27782
25111
22310
5864
1211
14154
803
28265
18838
2430
13105
9791
12522
24058
5912
22739
21785
11048
21059
1316
16658
19971
20796
11556
23327
24541
28780
22111
4416
10068
29803
13176
27365
17398
10182
15716
6173
18128
18038
25002
17781
18347
29767
9105
9615
28497
22701
23385
13667
8602
13160
27272
9871
14547
23342
12645
22012
14731
10759
28502
15336
22016
28980
19555
2003
10438
290
3089
25698
14503
29662
14773
26847
11937
13674
7217
28925
873
10414
25650
17729
155
8279
7355
10365
28557
22685
9437
16691
16846
1970
8359
14179
17576
3335
487
29133
17744
6886
22652
29423
16845
17916
26771
848
14002
3961
786
25499
7833
7052
19519
6671
15044
15576
9417
13341
16215
27239
25824
4960
15053
22831
20950
27672
26036
12594
24223
29328
27766
27496
25014
2643
14977
24033
29838
20705
2480
23874
12607
7587
25621
15792
17494
26660
12461
21892
1073
23674
28435
2762
2900
26285
14700
25153
26430
13303
29839
10451
22475
21788
23473
1254
8458
29501
3896
5690
29730
29848
3975
11661
13796
25296
23544
23365
27038
3014
16450
24931
72
12364
2342
6406
3128
26476
25956
4104
1699
3517
21723
9652
5433
8614
15774
10023
16186
19001
29487
11296
10635
2414
16160
18809
20632
3305
19875
3570
27731
29557
9786
3628
12302
29836
13265
12709
12870
22286
3467
5336
29735
26241
1538
26386
26384
19561
11117
2938
10186
5213
24560
25573
27956
10771
779
25877
6395
26585
5877
98
14838
21801
11210
18323
21855
3263
12245
14015
22170
13187
22755
21575
3077
29913
1166
25435
25555
4357
24306
24020
24269
15291
5827
6992
8234
29210
14002
12002
16754
12954
4148
21512
21062
19078
20038
13168
22885
28719
17495
7568
28048
21467
17856
9607
6506
3793
18431
29337
27758
1949
17051
25016
27869
28446
18011
24262
17028
837
13693
15893
10353
11032
27009
15888
18783
21769
7578
17781
27503
20489
24882
7107
4713
7394
14733
7391
20662
10425
14691
17362
24297
28709
21293
11537
5088
13517
7554
17753
14715
12380
26668
2712
25772
4732
20603
15425
7705
20265
16949
27538
16979
22841
29290
20423
16734
20152
29274
15709
15573
2687
27014
10889
13902
11945
5939
8684
9592
15394
12558
15590
10403
18472
25949
5681
24387
14762
27295
25225
23157
26042
8705
7633
5382
29141
5146
16333
13982
20727
12557
1890
18634
4548
5448
11237
17082
24666
110
11016
2756
26064
20495
28705
19887
2454
7623
22053
9519
2974
13537
1263
3172
177
7187
2969
19421
23173
13155
5033
10982
3023
27678
8296
21876
14004
10020
13925
600
24085
24218
27582
22217
250
18742
9779
21966
21815
23120
29951
8511
28582
8510
3996
13569
10973
12450
14078
765
20432
28621
11183
23192
3529
111
17208
9031
25835
13805
22906
16568
5220
13097
27346
24323
1760
15221
256
2656
27233
5298
19614
15718
17563
11473
24598
22524
22983
1141
15610
14094
16687
11820
1611
7303
15064
23535
8222
4799
5868
21624
29582
22316
14834
26209
3698
13110
1527
12145
5248
11161
8575
28633
22121
11989
17121
27335
7314
15699
8617
6047
11492
823
21483
21680
4612
3883
16328
26948
13080
5888
25833
114
23164
20579
4147
28049
15519
12627
922
29551
13942
6563
3259
22350
18669
26976
493
25948
2517
14768
10750
3014
26004
7251
26033
21140
12415
27501
15824
18257
20936
24452
11440
5715
25719
23969
25894
19914
22367
6786
5828
12686
19615
28421
28318
8563
28184
17958
6973
25602
3071
9863
16456
7656
26512
24426
29424
16034
13944
18166
6463
21603
10262
25039
12592
16506
3632
26049
570
19786
29707
5395
18391
3589
29235
21848
18207
10989
23468
23651
11464
12200
9619
11919
16078
16387
24543
8835
2984
866
23464
26308
25386
10610
17606
1487
11540
17921
20386
25161
2207
23542
2398
25558
26994
16399
3946
25370
3317
2526
14852
26442
24692
24830
11618
7663
8830
13612
16684
18160
21685
21556
5178
23337
12972
10789
3958
15660
13724
15655
20700
5806
16402
21671
7791
342
17677
24958
29594
14071
21717
16234
25884
19602
9156
4004
15922
23712
14996
14686
22068
13349
19641
2215
28839
19378
5777
1082
418
20836
15364
28519
5486
1304
22890
1296
25637
20364
834
25851
5547
6146
2639
13889
6127
13649
13316
12811
25029
11766
24251
1283
5103
24550
26172
4263
18471
14121
2528
25322
16062
6365
9959
29576
14790
1301
7040
1296
1507
10248
21452
10514
24825
24642
202
10932
3253
29431
10996
12461
12202
3663
12620
15751
14238
9441
19528
23966
27889
1638
29693
7139
12267
22540
25330
18675
18548
27423
25095
11384
7743
19512
23086
17783
20488
24158
18859
19564
9553
25209
25388
18923
4415
22989
26311
17616
9817
8074
341
7395
9214
13939
21900
26724
13137
11233
23920
23571
2455
6687
18851
29989
16757
22217
5695
25885
16294
309
3457
25248
28409
26686
12065
13092
11225
26375
21098
22797
29781
9580
26083
17462
19865
23402
23278
18283
2389
25495
2774
1545
4071
29336
8501
7087
8044
4386
28283
19941
15390
16493
23177
28832
15779
13740
295
23659
11790
20231
10286
1542
10024
12347
108
1556
10867
17819
17975
17937
4280
4478
3953
13255
25016
25509
11405
5578
19427
1635
4182
4383
9082
2171
8031
3183
6978
27253
16257
18041
11324
18402
14692
9499
18141
1724
4384
13011
336
10909
16792
12776
2201
24264
25267
9111
5208
20071
12536
21783
14117
9439
9603
13223
8239
23339
20246
10380
14626
15056
26943
13354
7709
3446
12814
8894
9319
29768
532
24118
25573
7881
2623
4238
11497
27094
22880
20567
11343
3740
2921
13915
12689
26202
6288
14482
4925
20179
18954
24134
4789
10024
4530
2855
19622
17566
10530
26249
13853
8926
1406
19436
22599
986
13384
4494
28533
11160
20517
29745
27792
20899
5893
19575
14245
11813
781
28877
1390
14069
1584
10486
29044
10417
14073
21437
10514
7900
13864
4987
13503
6652
11236
6199
16380
9996
3717
6804
14585
2356
6639
23098
10990
15985
26881
9374
27414
24958
27745
11660
19543
27021
11051
29927
28181
8891
11425
7058
15461
14759
10077
26990
820
6180
26280
23859
2584
28549
12780
17693
4
25836
19252
16886
14450
7406
8393
29015
21906
13357
14274
15853
2435
5616
20786
17646
341
1422
25997
12070
29477
26530
12914
23086
17768
14489
7955
16348
24374
5854
13226
23849
27965
11641
3140
27989
16031
1832
4077
22180
27659
9176
17332
16505
17370
28615
22646
11713
24086
29997
23357
13590
4404
2323
9123
8373
5631
2465
11411
14812
20424
17675
16583
6719
1827
7784
18533
2972
29485
4330
12461
26063
7229
26614
9692
18279
23006
12260
1283
14303
7835
3454
3911
15981
983
18593
19618
8363
20084
1942
7556
14345
25086
25584
138
26625
27562
29457
23427
27537
9655
1527
1166
23047
6242
6379
22683
3612
25685
14445
24722
23137
408
6031
15188
14275
25465
20803
15426
28573
10208
11440
6122
13953
9835
13732
20224
29773
19245
10071
28294
16319
22587
8685
16901
3789
2222
28853
9613
6545
10742
2263
24896
19458
13227
23170
13608
15306
7068
26994
9743
17802
11041
20596
13546
28331
17159
21062
26789
11202
13500
14679
7587
27105
19699
9616
27511
7842
1220
26303
29868
14575
12456
1025
24665
23084
14647
9933
693
1547
14602
17838
22481
28014
24127
21803
17665
6999
24742
23754
13710
5461
12715
18566
21588
16308
21393
6820
8096
27803
12296
25399
8629
26756
4657
15717
21391
7573
22032
15282
23763
25244
29914
13084
9878
20345
3888
24357
11950
4387
1326
23242
13753
12672
15085
5696
23121
10408
5702
17697
3803
16278
16552
1348
29194
2646
23775
27517
17755
5432
9072
13733
17193
22660
19991
10226
28802
3094
21133
12312
27580
19716
8797
26547
6994
25392
11712
22367
20365
15035
17249
22521
17002
26487
11813
13077
28734
5952
3581
19317
15264
15361
5658
6355
4202
21331
20401
1985
10937
9060
4819
2303
2565
9223
3831
28218
21744
24184
5660
15413
21830
7299
22099
29695
24956
3989
15710
20996
19155
12133
23856
26457
15385
4013
26162
15977
12375
2509
12433
25435
29393
2416
17111
13637
14243
2407
22145
6803
14900
2271
4120
8084
26495
28217
26239
10059
26910
19083
21756
6257
23254
1003
361
28782
18337
19076
9152
9829
6298
25952
9874
12913
6730
6092
6800
29306
3178
9606
6148
27088
4831
9055
22831
4171
570
852
26644
23098
16483
7534
14728
16173
12781
13614
14033
4879
25563
9021
25300
10262
3223
9384
2630
15512
22417
5588
24447
9021
2853
17451
16285
25354
29375
8971
21028
10824
16198
22564
335
19999
20995
14824
27897
10071
12708
26674
19832
25312
19323
22158
13963
86
1159
19069
4178
4420
3140
10725
4274
29145
22954
22112
7715
25156
23054
27669
4223
20493
8993
28067
27765
9571
11815
13524
12018
28502
21435
13745
2213
1056
19907
18896
18373
9098
14157
18026
5622
14464
12855
27339
28797
9688
10490
1657
25567
20704
4595
2321
11411
22452
17731
20282
10014
2118
15781
26563
8723
15997
11740
27534
29472
15536
28374
23129
13735
5156
23436
19611
25107
19496
24969
842
9156
5959
21575
12537
8985
23377
2782
3899
7328
6796
25171
11490
23854
25100
29555
28972
22756
2513
8299
2948
12967
17724
1522
8215
17853
13352
25295
8968
23062
4832
8534
21726
28776
29250
29581
27221
2308
7052
3285
17363
5191
5757
19440
9897
13916
9542
10070
29241
15083
7765
15770
18976
1430
6630
4317
1925
28
5425
25904
13755
6190
1041
2365
8697
5921
3592
26267
17801
28643
28608
11933
13819
21633
880
12476
25012
24567
17961
25251
28905
640
18631
16798
3541
28333
1757
10905
2962
25646
5080
20970
7386
23319
2971
11282
7923
12661
13879
10505
8649
27828
19837
26533
1156
25041
24924
21026
400
11649
29929
10320
11203
10566
19782
21999
10690
4810
5738
24404
12065
10154
14846
25416
22108
12990
10651
2418
9379
18577
29603
8742
11403
17194
26343
28482
18211
11627
14446
18479
11868
29831
4356
11880
11557
3491
26430
27125
19241
21486
2825
14511
739
12574
27712
18175
6000
1163
10880
3376
7303
12562
24213
17730
6338
6405
21641
23296
17741
11591
14210
22404
20448
483
11470
14216
1690
3671
6051
12366
2262
10216
16238
13069
22581
5532
2672
25572
5262
18469
17800
6220
6490
11722
5541
7235
29532
28938
4536
9263
11206
25354
6155
9710
27994
8813
22924
10804
13912
21666
17359
19209
23743
24491
5663
26165
4974
29998
28266
14314
2109
17956
11994
6271
22520
14623
2935
27899
28589
1122
13537
13464
20238
8489
20842
21224
26849
4881
6542
21292
452
13771
7856
313
13104
26450
11047
8899
17222
20678
66
6227
9076
17747
29068
12088
15170
8997
17946
24677
16522
20401
1570
4610
16678
27762
24732
21723
28972
3546
29950
13209
5299
20317
18584
11517
26947
629
25061
19788
28922
21438
10008
9204
18432
16456
3966
8769
25329
7055
23542
4320
26793
26524
20088
4574
12078
2089
29681
16937
20815
3813
11090
27833
16010
24692
10142
28544
29394
5095
8192
10478
12152
11114
19729
20291
13682
20247
9338
4903
4934
821
28025
22870
27270
10367
848
22822
5767
158
22850
1002
9602
4800
803
11814
24983
1517
19689
25104
14653
27577
8491
21356
286
27630
677
29018
9068
19582
28619
13088
7667
22672
20590
29245
20120
26027
17518
2562
20330
479
12808
160
29005
25479
19262
7009
22198
4964
1671
29535
12208
15062
8178
17171
5686
1905
16256
1451
2702
1024
278
9276
27580
2818
352
19070
18322
26052
18246
24056
24913
23928
26582
19055
7052
995
29960
21822
24054
19813
26305
10659
25802
24646
26147
18157
16956
14194
18551
79
19450
23270
3806
23085
9854
27380
666
22350
23151
22121
2409
4196
8522
29869
17428
16332
8455
22386
20916
8193
11578
29329
27260
29499
9480
16269
3002
16575
24934
17124
13988
15642
20346
25883
27786
25001
954
12626
21788
13138
28736
1026
16249
5610
1147
7940
14770
8039
17118
1125
29421
18505
20226
24591
20635
10062
8780
10685
29766
21902
21370
1149
7978
5974
1503
10208
21478
11378
23008
3007
1774
29137
17519
22663
19790
1810
11434
19934
20012
25222
29261
14418
19544
11309
23449
19473
13568
27130
21379
4749
15620
17094
27341
22590
3981
1451
23037
26551
20811
3715
17385
7811
16807
19431
5336
28652
23223
7188
24480
17592
21436
8530
4290
9053
10688
11291
5419
14242
22300
12813
7571
7260
2350
15124
14567
5599
8657
22934
2492
11752
663
2306
12475
14432
27598
20590
3769
6357
18774
22506
6247
9689
315
8072
14720
397
21226
15355
15586
14497
2635
9678
25613
19498
25866
19292
2631
4487
8565
17648
706
26914
22576
10659
8356
9065
26098
21197
7671
15905
25757
7122
18049
15629
15757
12385
22037
24566
3362
11040
15943
18721
3235
27146
27723
1866
26724
18599
22958
11483
24703
18920
19350
8559
25776
23618
7376
16886
10881
9137
17793
15020
3468
187
19015
453
16680
27696
17848
5871
5847
18960
27051
23828
14135
16047
16289
26625
18006
1457
15025
16211
21321
8293
29374
26741
18665
20133
20060
5648
3443
11431
16042
12677
19131
15170
11805
15898
9389
5037
14454
22478
1269
23116
28133
24309
1627
22508
14833
22102
16958
1077
22384
1990
8337
29871
7785
21293
25843
8300
3240
4730
28788
27968
2629
12454
7426
16471
5194
1427
13003
4417
15064
19637
2689
11733
29133
29924
25239
13977
9362
16913
17764
8330
25997
14340
17546
15828
9230
9745
757
6713
3526
27411
26472
7332
10976
8370
8813
2659
25475
17465
15889
8729
25223
17123
14423
22147
1675
22184
20393
21918
1846
12452
29981
17278
18870
8003
24071
26965
27157
29739
21587
12569
12148
27727
24755
29627
17493
23882
19146
280
16786
20881
17686
21276
4316
27566
18917
15251
29383
17717
4601
29747
29233
2084
1845
3644
28131
154
15249
2966
23861
8324
1433
18283
12048
22294
26357
7079
680
24607
4545
9204
5775
12712
24292
12068
20386
5675
549
10560
20904
15400
18879
18498
5172
20939
5078
7308
19973
25959
17623
8637
27908
6053
115
13251
3498
26436
10203
16554
21012
533
17040
27921
29206
6751
12927
13443
2635
921
13538
13790
795
27827
24022
9360
9454
5938
18043
10596
5220
2515
17208
19931
29096
5490
19593
4756
25816
2615
1474
7530
21336
5537
5960
26518
14305
28281
1265
25527
14760
23242
2456
7543
2997
17945
3369
26156
23300
1540
13717
7493
14816
2092
5869
7316
4237
24533
19335
21571
13443
15131
27211
10214
28727
25226
6334
4336
24062
25412
19115
25483
25529
10085
25969
21945
25961
17698
24557
7765
12087
20647
11920
26409
15705
6551
25621
21110
2782
7628
1323
5086
12690
27411
13816
4762
19261
28932
24688
29449
9287
778
23196
18220
6778
28574
26021
13089
24969
21183
74
16854
24598
5729
2969
27163
19046
19991
22031
13464
7545
4099
14529
23113
23737
8506
29005
27538
27496
23081
14905
4142
29364
1664
25446
28352
27094
28351
12513
24922
22035
24258
10564
19842
7095
18649
3582
844
26728
6070
27957
8805
11736
7909
17233
1051
6618
21183
921
28283
3361
22704
29007
17671
13308
15102
21152
17745
24259
11945
10433
19747
17796
5610
11251
8991
19024
16401
9807
11302
4357
18739
11787
13147
1690
2571
4711
26406
14090
7734
14650
10168
2252
18324
10872
29060
8382
18022
3619
25947
1113
21045
26410
27156
27640
16726
19501
26758
14210
19191
2263
14595
660
15835
29821
15610
15769
12571
8104
29251
13056
23107
14664
10660
761
17902
13929
13210
11622
8751
5760
10053
28964
1819
9810
7354
19982
29077
5481
22507
23703
20787
26211
23407
12163
23552
18519
22711
3023
1645
12631
17306
285
11210
20476
11997
13471
1059
5534
11274
9025
19261
8130
28030
28276
10274
8164
1228
17273
20450
9990
10087
12865
11240
7380
23316
7402
11317
22175
23620
28164
24609
24565
4044
27078
5808
934
7280
29906
26348
11262
8010
18377
25072
23824
21258
10054
23690
6180
3625
25662
22911
18398
29950
11748
23336
13604
18196
1610
28212
345
25667
8064
3448
17887
27813
17600
2045
29539
5368
20081
19803
22335
525
452
7792
17090
10044
529
3330
17174
21706
20056
17258
15568
14566
17589
23751
6876
20098
12328
24681
12267
4420
25471
7147
27291
16108
26302
670
24094
13674
29708
132
27012
18702
25555
17028
7493
6428
13948
17147
26709
3867
726
8266
19991
24201
13426
5172
22412
28952
24267
8512
21380
20710
12958
18838
7068
14869
27638
26534
23848
20134
13114
14050
12459
25557
13859
9947
22087
13142
15563
24755
26954
5951
12938
3177
27012
8671
3007
28788
19013
29719
472
19274
12864
22402
24195
4374
1117
7124
12364
12476
29941
18254
10029
25014
4629
18212
8977
14
11576
23525
12271
6541
1811
11215
10585
6897
1141
1207
2990
12376
18811
23165
21862
9456
28875
10803
13796
19527
28382
7128
2048
9761
28764
23771
21028
21179
798
20249
25034
22984
515
16296
4410
29526
18324
1935
14652
18993
20360
21173
822
24613
11212
19160
18629
25047
18385
12771
3026
3434
10331
7510
28911
18885
18870
10262
26225
2263
18539
6158
23212
27467
20821
14967
10512
11002
1266
5484
4008
20866
28741
1669
13432
24468
26367
3353
6461
17453
5718
20831
18785
12741
18029
2818
15227
22247
9934
5955
15903
10347
22427
16563
29289
21704
25962
29354
22280
23401
913
1217
252
7725
8821
13270
1195
10792
10565
11082
14555
5165
5344
10736
1822
649
1695
13884
12830
4689
17399
27447
14870
9223
27587
4129
14809
29440
676
15120
22541
3886
24431
29952
15760
10648
12512
7103
10868
19455
20161
23907
29409
17990
26738
740
15724
25596
17307
23617
14543
9541
6924
19849
18144
9919
29777
19850
3143
14260
11812
2751
4079
27714
20434
9689
3914
25624
25490
24678
16319
3173
15631
10532
5502
1859
9014
14004
28385
28392
11737
5130
3751
18885
3699
20859
29414
26235
26214
12501
1729
1863
26053
29919
28355
14158
21532
28517
22106
23003
1611
25883
20325
13239
15256
15897
1194
6009
17459
19129
9724
15092
3083
10007
26542
4290
8984
12446
2588
10503
8635
23869
20470
1939
17029
29542
4059
2356
5005
15906
2361
26663
9427
24817
11745
8353
10927
4449
29135
25368
29871
10934
9360
4476
26167
19871
2765
28510
22712
24879
17872
635
8716
4279
6902
3337
20122
28487
26876
7075
7584
2615
9978
11048
18138
16051
519
3775
872
763
20683
9905
16318
3931
6813
12026
7312
18642
23798
25066
5498
3071
7253
13801
19785
12185
22252
5727
24709
28209
24265
19255
7365
19025
8234
20569
5517
7598
15046
16134
20625
25654
13075
9948
5800
2946
2486
29622
13489
18930
922
21055
8034
20728
17264
3802
18465
1585
26642
60
16282
27522
2365
11999
17558
24394
7526
24003
17894
660
26632
2053
2173
4206
6194
15690
13317
3404
13655
1651
4375
20854
16024
22114
9906
28646
22001
5761
22330
27777
9955
4368
11719
13270
1698
8495
17810
16304
27807
792
1844
20449
760
20658
6573
22148
11803
25466
23863
328
7749
20704
15649
17377
9186
12572
26996
21679
21971
24070
5788
20151
28186
19349
27472
17363
19066
10632
4290
25323
2795
24789
24080
16103
20215
14321
20124
13486
29560
13255
20292
19401
25439
601
13452
27912
21746
9203
7631
14461
10923
11818
23407
14164
9275
7004
9048
21343
23773
16197
22618
25752
4207
16292
9
22751
22206
11286
4891
27088
11901
1726
19178
4837
22885
2111
23236
7173
23404
27542
22800
6973
16014
15191
6614
16181
19691
18992
22841
22696
3746
23429
14726
10379
16326
17790
17903
2384
24560
7059
7149
5402
16526
16601
8948
5776
15454
4793
3793
24289
19247
28057
28870
1763
8427
25554
25294
15868
15490
20528
7750
12348
14578
231
28708
21412
27919
29156
8750
7831
20998
17008
16165
8756
18670
18038
6967
11404
12649
8998
4225
11055
23713
5288
3212
9762
27079
7672
287
18020
21286
850
303
2134
8534
394
6560
6453
426
25569
16565
5186
24386
2236
14017
19330
21675
18254
25472
1744
11020
16880
1230
29274
15562
22808
20592
17190
8707
28233
12890
15982
1700
24696
4694
231
24735
19733
14841
21075
20932
6636
225
8167
25456
7473
19893
26758
11613
15401
25949
19831
16948
9274
14446
19080
10695
203
4923
18548
18109
22306
5397
21921
29937
2897
28233
17528
5293
20690
19393
1603
25776
25291
27843
24030
19636
6991
2394
5906
21899
27780
24873
5174
6965
20502
896
29434
27565
1264
7100
23328
24112
394
6979
28312
6952
4884
22672
29742
20510
3261
10674
1152
17066
23584
154
962
11643
26959
14135
22496
7064
15712
7144
28394
21367
25263
8056
18466
24612
20621
22417
27903
7432
16923
7449
26066
28099
29700
806
9099
16645
12118
3369
8137
22843
27811
11976
2259
22149
26030
27153
29804
22385
26824
23330
7219
16710
4009
19425
27714
6823
15909
7648
5179
10445
13672
1087
20268
5131
608
6414
9168
1038
10382
7855
15324
17659
26424
878
24789
10249
15575
11355
28481
16000
4356
488
6978
21018
13981
2324
11795
6850
6294
9063
3127
7816
17335
18259
5202
28314
28438
20324
21439
11677
15913
21238
21759
20399
28267
11996
5763
25016
11767
10479
26911
21505
14392
29638
15913
2615
19298
24844
2269
17026
29034
16517
27039
1749
21045
24556
2557
6106
7103
22120
9515
7335
16062
1950
28307
29652
11534
12032
3466
20500
25486
11705
19456
29938
18953
20179
10617
29718
28453
9562
12318
9806
27789
14958
5870
19178
14139
780
8781
9751
22076
27203
4815
14363
19140
23306
10060
1695
23468
25029
7506
29859
25104
19238
3896
19086
13994
29487
11266
29025
20076
21292
12701
885
29352
15533
2141
26464
15804
13025
6598
19597
22303
8443
24253
29627
28261
14962
4837
19251
23063
23502
10714
4997
18854
15449
3539
9148
13097
4776
24343
2274
16158
28409
34
8918
5102
29560
4083
7957
5878
27740
10590
24941
8649
17194
17226
17508
20116
19207
15798
19817
29115
14114
11373
21977
3832
7202
28727
20545
28640
6752
2383
16463
11982
26241
22513
28595
21419
18991
3554
12871
13305
18533
18127
4819
17140
29339
16952
1965
108
3645
9074
8187
1750
2698
16590
21508
18418
7195
3688
1088
27243
22449
7050
1921
2909
16688
24947
26403
11433
24228
6376
533
15070
16571
11323
24655
8579
13536
221
13465
13195
5423
24956
2174
18050
6780
27991
24168
11834
25892
9187
18685
12740
7543
6269
1350
27403
24255
28859
2950
20303
2672
7288
2942
13287
29312
7841
25872
26461
7823
8943
27720
794
8709
21115
20823
22261
17668
3555
5232
12210
11915
24923
26533
15456
970
26896
4112
20283
9715
25169
19675
12359
23350
15160
16758
14501
23833
5785
16658
27347
8356
24431
4489
2797
14517
20465
11959
21340
26869
7601
25961
29141
27123
21002
718
8213
21303
3151
380
9736
21755
5467
5379
14607
1684
14759
17737
4986
21114
9459
5701
7214
3301
2569
28663
942
2374
20035
20416
29826
24656
167
29145
1529
6369
10170
20580
27454
15301
22823
29118
25762
16305
5255
378
1522
16853
25560
13849
4835
15243
16935
6981
29540
27701
14153
25414
15006
18457
1286
29782
21040
23221
7276
25528
1855
1673
22791
22194
20799
25552
29648
18646
9711
7732
8120
22680
13728
22605
4771
27378
18943
24126
17284
17549
24232
18065
2732
14753
16416
20620
26247
685
11046
22807
19096
19867
1336
29595
27399
4346
1752
18018
10656
16903
28231
2655
12210
17508
22400
801
27175
22204
13915
8849
8575
17692
26914
15905
3099
29856
15735
16235
24982
27875
11234
2923
16309
18350
18548
21387
29474
12428
2627
26241
14418
26942
25304
2067
20274
15314
28537
297
10218
5011
9981
9918
999
6883
16097
26719
17514
2970
19623
7742
23364
23235
9845
11234
15343
19542
22508
27143
14349
20440
20556
29372
25647
24680
23792
9135
2123
22026
25602
13155
23659
1171
12503
12793
24828
17993
10679
13053
1055
25861
20130
10668
13057
855
22949
2180
1286
25513
4775
17188
5349
3239
18480
29804
16453
16847
17262
3846
20779
16549
9992
12338
8618
25427
28256
11076
948
10680
8138
5542
3324
9003
4596
1773
16952
4320
27456
13967
14524
14384
13967
23763
16255
7073
7511
28354
15452
25019
18621
24382
11461
28237
17558
458
7054
19937
130
1138
22874
20994
28278
21264
6921
14520
25171
10807
17449
2333
683
8805
11500
18011
26907
10397
14939
12429
2722
1677
7864
20856
7222
21490
28130
7112
21501
23498
29959
15953
25018
25202
12782
18814
23241
20174
10749
20751
5657
2720
28260
6990
11589
14104
26972
23423
4347
29269
26929
21096
29343
7029
22489
1657
23396
25708
22611
24656
11780
497
220
2482
10911
24479
4647
27362
8433
10845
25184
3911
29105
18583
13053
28866
7311
6429
26803
12287
11572
3237
7241
22416
4084
22566
25004
615
2922
1579
14886
29946
704
12164
18789
26719
3338
7984
13488
24932
10166
6745
13336
21296
3135
7442
18110
22629
29579
14694
8726
25841
14639
27411
10382
7364
2737
5577
26357
8965
17862
19181
1770
10930
24409
3298
5462
25049
17675
28631
24593
29293
5811
10964
22552
11479
25384
21342
17115
7281
4131
17662
8778
29924
17597
9708
20162
28967
6622
8307
1740
16289
4473
27095
4792
25786
17208
8079
13908
17965
20131
2781
26726
10100
11638
27380
4930
6207
13950
22017
17531
9132
19040
19343
7112
3032
17670
16039
23452
4383
24133
12079
5410
1803
622
5121
12881
4212
11478
9212
20430
28282
27433
24879
7411
20046
9228
28866
3631
8379
13620
9655
23771
26931
571
1128
5592
2500
9034
21377
23380
9332
28082
20128
20803
11886
8395
9079
26606
5084
6970
10499
22097
1738
18037
14989
7833
24975
11414
566
27766
20614
28251
23469
15126
21175
24351
9449
14922
3304
29108
29971
15733
27830
19516
15554
16129
3941
15399
4245
27154
19781
8092
18853
16670
20766
16266
3848
19448
5371
12733
18427
17523
14002
4106
29894
2932
3186
8674
2376
13011
25537
18842
16769
5213
14528
21014
7302
11498
16597
19845
403
21630
10988
6564
29687
15512
12757
15933
539
28644
25318
29349
1842
10361
18714
5219
7330
24444
6541
13580
2334
19785
27919
16779
2886
14120
23019
21220
7478
9536
1930
19975
11630
3724
16377
7207
6990
15130
11923
6208
22060
23143
4860
2377
16235
4022
20532
11745
25662
1577
6972
20856
483
18370
23754
22338
12265
10158
3522
27770
5037
13394
26448
12237
15425
15070
28603
13334
4651
10225
10278
29985
26341
26920
24613
14619
10504
15417
29073
17169
2011
530
20113
20817
8816
2477
2522
25924
4612
16589
2098
24946
1344
8804
9707
23577
25395
25732
2678
28504
5682
18509
21477
19587
4962
590
4348
25237
18851
11063
29786
2178
18928
6772
25724
20741
6300
28640
473
21976
986
10352
5496
27623
13908
26513
1037
3515
17827
28217
20062
14452
13225
7227
7370
16267
28448
28451
14310
27496
15151
24463
29710
22029
16923
23412
15256
5621
9157
1151
27218
1232
9071
12559
12460
15130
10800
25617
14200
25341
17400
17237
23286
16470
11876
26989
18138
15712
13186
1442
27800
751
11167
3820
28887
6209
23082
29517
6316
26389
27212
21632
26221
14692
1884
26009
27213
19741
18448
8386
9219
9377
4392
5025
15475
28325
334
8089
16860
24926
14220
14024
7438
14226
28671
24150
10243
25794
24882
2361
10298
4753
15869
18268
28367
15625
6425
14690
29303
13249
6588
20571
5513
25826
21436
13900
15156
28630
27296
22571
7479
1460
19465
6777
6929
19087
13169
27134
8457
3421
24045
3848
3178
2647
23071
22254
26026
2480
8273
408
17749
4368
9303
3112
13234
11586
21223
22299
26098
29542
15077
5008
6340
8030
16272
8507
13771
9369
8065
13477
416
29709
20970
4784
1609
15712
26765
19090
29472
23510
19028
9755
29581
12660
1537
22201
1331
16846
18678
19686
18929
5954
10767
17379
