10000
1228
3530
1268
1165
181
4328
4568
2185
4955
4859
1377
1639
212
2827
3632
3174
1890
3282
946
4337
22
2941
293
3
4833
223
1908
3139
3174
3564
180
3329
3904
4556
1377
4524
1961
3407
2686
1207
1642
4262
556
2644
121
4597
3331
4020
1520
3750
4991
985
4222
2065
747
1301
1907
735
4183
2971
3722
2212
1969
2856
4399
94
842
1869
2093
1088
2744
2482
1420
3334
4005
1909
2812
2243
4213
2078
3487
1688
130
1603
1419
1846
4724
3442
3234
704
3857
3439
2500
4214
2184
1170
3880
1309
1253
4173
626
3486
394
2610
4627
2408
4792
1276
557
3851
1084
375
4977
1203
4730
2254
2394
778
1765
2364
618
195
12
3632
435
2731
810
152
4369
1475
691
1756
3727
4969
4567
1035
4101
147
2988
4012
3019
1214
2313
4864
475
249
1358
2885
2377
4362
485
2825
1150
842
2777
1879
336
1041
4011
2090
522
337
4805
2944
2152
3717
2031
1604
320
3874
2466
1052
3709
984
2142
3192
1854
4900
2904
1587
2375
4159
1488
1170
65
2066
3934
2814
3884
2229
1138
4190
652
1217
3174
3515
595
1014
3729
1194
4190
4009
4498
2600
1413
3755
1287
2158
2745
2657
4988
1441
987
3273
4591
4569
2083
4569
4639
3326
2753
4710
2792
147
649
4181
72
3044
443
2897
371
4423
1093
1254
4205
2324
93
2265
2876
1215
2136
3091
1589
3867
4422
3455
2989
2791
3619
2575
1535
3639
1228
84
1227
4124
1899
1783
1209
4780
936
225
522
4257
1507
3195
2744
2393
4861
1778
3465
2130
4974
76
2159
3447
1886
4581
3215
4356
3993
3173
199
4178
1598
325
3854
2664
1651
210
4009
574
3429
2642
519
1332
1873
1349
681
4126
3232
3096
221
3105
4301
3597
3207
4416
3772
3374
3759
3465
871
77
2005
467
887
1134
1759
4553
616
1674
1656
4242
1488
58
2058
1245
3837
689
1125
146
4352
3741
3237
276
2939
4560
3948
4071
1333
2938
204
3154
1790
320
1091
3344
3452
2571
2706
4460
890
2305
3923
4309
4680
649
1052
94
741
3018
1414
410
1808
2241
726
3900
3187
2114
1930
930
2602
4845
2121
857
4023
2936
919
901
684
3100
3607
2820
3518
4778
1092
3099
4524
504
3218
3334
1444
2859
531
1470
3249
2
3003
53
3056
3586
4112
3630
2934
3731
1302
3105
3103
309
4950
1623
3909
2750
4896
4745
4403
1860
109
3753
2608
4830
657
2720
1795
2162
3781
4064
2324
2640
595
1511
4608
7
1374
1197
2276
2883
2966
4837
487
2461
588
3207
1178
1203
930
4244
3724
2720
3510
3259
4838
700
3974
4909
3163
4816
422
3724
1787
1043
1901
944
484
3600
635
1166
3895
1332
4862
14
2777
3082
4791
3156
3025
4554
2984
153
3738
4016
2542
381
4202
4746
1886
140
1632
3034
3666
3631
2877
2291
1819
3055
4170
3764
667
1268
4702
1667
1006
4481
2921
760
3760
3592
3508
626
4513
3506
3406
4485
2640
2079
1064
3456
4027
348
4031
3307
4940
2830
1785
4225
750
1870
1489
589
3432
2789
2086
3532
2850
2509
4546
3268
1346
4388
2842
4779
4601
770
1119
2725
3952
1628
3634
1674
1253
1502
3708
4556
4490
3685
2818
2170
3351
4465
3594
668
3388
4789
501
3929
3283
3201
3993
4868
4258
4227
1612
3624
1215
4168
2661
4388
3708
2034
4489
3110
4861
562
732
773
2180
1051
3064
3398
631
2746
3457
1635
4345
4038
1154
1769
1240
1535
1999
132
4665
3310
2831
1696
916
4960
4814
4958
2296
3231
1291
3431
3770
3048
3196
81
4766
2202
819
2338
2492
4251
355
100
2464
3334
2405
3602
4153
1808
2926
109
4627
4090
4846
1770
2835
693
913
2399
547
1535
4413
1341
3088
4283
2239
2797
1314
984
1833
2551
2156
13
3446
3468
4208
1188
468
928
4183
771
4634
1473
3974
357
2907
4877
4147
4786
1402
101
214
1452
2754
1010
1852
3431
1536
2807
902
4732
4821
2601
1543
2439
2827
4639
3668
2689
2531
1423
408
2684
3873
996
2421
3688
2878
4075
1766
1212
3683
667
3605
898
1319
1267
4250
1400
3484
4532
1953
1716
1527
740
1210
3929
4949
226
1101
2765
2389
1828
374
1618
2256
3902
3531
4940
102
1407
2334
4218
3150
1156
1241
4463
4924
2923
3869
3057
1295
774
2109
4245
3223
2779
4728
4606
4711
2816
4815
346
55
1936
2464
846
2601
1311
2562
1550
1976
4729
1270
3666
4291
3083
1348
4202
3393
1707
4084
3884
1964
4193
439
1956
2475
2747
1714
3733
1513
207
318
3860
4691
2655
4333
4403
4095
4436
2290
941
4675
1077
3426
1131
3760
2278
3681
3846
1763
1733
2420
4826
3166
1436
1424
3676
4531
3642
4997
4819
2451
940
1904
787
1101
4457
116
3625
3412
2042
3793
2954
3364
3475
4146
1034
1134
3708
3171
2128
772
2470
4893
2859
2162
1150
3036
4005
3554
4950
1182
3121
204
2877
183
4333
4492
2369
4892
2251
1593
3120
1303
4438
2457
4385
3554
3778
33
660
4437
558
4331
2260
2786
1364
1817
3494
2984
2159
2303
4226
3600
1840
2665
804
486
4210
345
3475
3159
3904
759
2059
4449
2555
688
39
2969
1427
4694
3504
4326
2972
4139
4387
4701
4942
1319
3465
3787
3645
3326
1312
1373
4154
3308
264
2752
2132
1839
773
834
396
2520
3806
3739
207
3234
4459
781
4940
4019
601
1861
4119
4116
3332
3411
3167
3538
2330
2927
896
3158
228
2248
1171
4581
473
4114
807
2276
4939
2685
4411
2797
1304
1912
4641
4929
1202
1142
838
6
4695
1884
3447
2144
1125
1433
3060
4500
813
4282
2291
4522
2693
3299
4119
4359
649
196
2559
4232
2119
690
731
837
1851
3844
4751
2864
3036
4502
4513
4886
219
2888
477
4167
2404
3388
204
2735
3794
1812
2923
4215
3730
3299
1798
4169
2511
2217
1696
296
2753
315
1079
3726
1614
3021
1143
3950
4334
3427
4319
4600
753
4581
821
1365
826
1176
1877
2397
2942
4729
2572
2782
4463
622
1299
1108
1563
4360
1800
1924
4896
2437
3779
3153
2699
3978
2032
4136
1742
416
113
3089
4237
441
1370
971
2305
823
280
4561
96
2211
36
3339
2852
4811
3652
4348
572
2112
1644
3708
4683
3273
416
2284
4990
45
4031
4051
3277
2165
1804
1545
1715
4295
2013
2978
2032
2722
3281
3089
1907
1037
2050
2527
3913
470
2592
334
4131
4559
2303
4593
1429
4349
3549
3476
744
4415
2316
2972
1851
2200
136
1796
3576
4251
3383
658
4772
4623
2842
3168
521
2304
846
875
4176
611
3203
3353
933
3614
1496
3628
30
497
4954
2813
1099
2614
4799
2592
2217
2282
2109
311
3101
482
4560
3287
848
1519
622
1879
873
1179
2281
3875
2113
4477
2557
1080
3931
1776
326
966
4981
4497
2466
287
4392
1984
2878
1646
3012
557
2172
4532
681
2843
629
3353
4379
3785
3295
4811
4976
1874
232
156
2892
1170
3344
864
519
2936
2994
92
3468
2756
2456
3072
3522
3928
3422
44
2074
421
1292
3310
826
2351
4341
4511
1629
3443
2360
595
2247
777
2173
4248
917
2453
1223
923
3396
2722
3499
243
2874
4118
893
2674
1913
3713
3699
3351
4895
3997
3844
4635
3939
1274
1679
3075
2553
2331
1155
2820
2847
696
2585
4824
4799
1846
3055
2751
4395
2192
3513
303
4475
4131
944
3792
2879
1255
3227
2007
2429
1672
1104
1734
1339
1694
228
4583
3439
3347
4159
115
3824
4844
2327
823
1556
2150
3966
1681
3491
2108
1279
1435
182
2729
843
4791
4146
547
1139
3970
2236
3201
3994
3282
2141
1388
1666
3665
1001
1890
4197
3147
1734
652
2449
2788
3606
415
4575
4242
2339
3232
4126
1073
2436
430
803
843
2684
4282
3339
4628
635
2276
1091
4090
2804
3746
3746
3006
1552
4540
4114
3618
1636
2505
3265
2091
2479
3509
3901
4481
1285
408
3973
2921
4104
2021
4096
3099
735
2498
2518
4624
2411
4533
4466
1970
4434
169
4798
3558
107
1487
1324
3237
3026
3256
2545
4733
834
4058
3737
4524
3154
1583
2363
3912
690
369
4971
4577
4021
3129
3171
3188
1411
2379
3161
3958
2321
812
4848
3772
2335
4248
1350
502
381
1171
4066
4417
4810
4401
189
1865
3785
2334
922
710
439
4002
2438
1011
1416
3692
2453
284
2823
939
3061
3796
969
2655
736
4571
4764
4784
1744
164
4188
111
4759
3095
4723
3876
1591
2411
3228
3434
3702
4101
4625
2157
3738
599
4683
2508
1325
4788
1225
4550
466
4638
403
4915
3516
3094
4627
4719
3409
3204
2801
2683
932
4582
341
3150
2655
4953
423
1175
2637
1659
4827
4516
3430
2315
1886
379
361
2360
444
2968
4339
756
4259
2633
2834
736
1652
4574
1372
167
299
3857
3369
4734
3372
1787
3783
108
2596
2703
3102
4180
1319
235
4758
1871
3526
2304
3671
4521
3333
3769
1376
3328
4794
2468
411
2940
4355
1802
4108
1570
491
1429
4822
1197
1145
4040
396
665
896
501
2784
3920
3717
185
1446
1213
3834
357
3334
3995
4879
729
2270
3067
3356
4701
3818
3949
347
2693
2927
2756
427
2743
1861
4052
684
239
1724
1321
2892
4193
255
505
176
500
1584
4539
4049
4305
1331
4924
3508
184
2559
2788
1473
1349
852
3491
1185
4082
3746
3680
906
1314
4803
1575
2109
2904
3980
2720
2910
3707
1290
2931
4823
2202
605
587
260
1455
2362
4067
4094
3161
4942
2232
1734
2316
3812
3545
4449
2657
1933
3903
1660
472
204
4813
2299
505
94
66
2314
1045
3330
1010
2482
2884
3845
3294
3210
3613
3677
3107
572
4141
4133
2608
1641
821
4389
3044
926
131
3910
2021
3629
624
4587
4052
935
3629
3935
3626
1832
3950
36
1268
3566
858
1360
2943
4582
3021
1613
1870
4430
295
4082
934
1766
574
3242
77
4243
2629
2656
4213
115
119
4712
1159
2076
2274
2428
1505
3916
4597
3130
278
3646
478
1663
1524
498
3190
4196
1115
4033
3283
2834
4949
4508
4610
587
697
3096
1114
2
190
3225
2640
4712
4334
4327
2633
3783
4706
2753
1006
910
4003
4584
4616
2169
2386
303
4159
1495
64
770
1016
2269
291
1876
3145
3485
4447
70
4702
4061
1122
4414
214
4508
1368
1512
407
1690
4344
2928
1301
4125
2966
2212
3619
2974
587
1044
3458
219
1186
953
340
2408
4519
2425
2249
443
45
4763
1457
1467
4001
1322
4411
1488
4493
1652
4557
267
631
1511
2418
189
3228
4600
4946
1364
4188
4964
168
331
2819
833
783
1574
1068
4809
1495
2029
166
4682
3667
4605
1509
2091
3793
4861
1752
2027
3242
282
2387
1741
1938
2551
1338
3996
1781
1250
3097
3260
3687
4992
3386
138
811
1720
1157
4960
4955
3060
3084
4354
2623
4934
1957
1850
831
752
4834
3965
1866
2284
4331
4198
1727
1096
2460
1654
3902
4068
2506
485
84
2550
1888
2226
1954
3999
4543
4541
4776
1856
653
3347
3437
4978
3749
4045
4457
3247
2845
1167
1559
667
3311
2046
2225
233
2853
3058
1681
4379
4141
430
644
847
491
1079
4227
557
3147
1140
2215
2758
1802
4237
1293
1266
789
2383
1679
1322
3212
3433
666
4574
4736
3467
2958
4613
3120
258
4183
3045
2996
3282
3756
1179
914
894
3126
2434
2149
2224
3464
2929
936
4436
164
1585
3913
3048
1380
4318
3733
4227
159
391
2756
2656
1616
4374
4178
3517
2699
3382
3889
4708
497
2887
509
4576
4006
3434
2353
2496
1351
485
2885
423
4731
1706
43
736
3437
1879
1634
4984
846
4718
2983
4781
4358
740
325
999
741
4284
4283
3824
374
3574
944
4179
3465
3905
416
4731
1251
4953
4370
1929
1275
4437
82
1801
956
91
1190
4360
3640
1448
3954
4504
481
1399
3766
2569
693
4630
2427
594
3135
3889
3740
1788
4881
2555
715
2929
3648
4250
2268
2764
2669
2954
4408
4984
3696
1988
656
34
1145
861
1747
252
3549
3820
736
3563
4788
1440
1432
2957
2688
3530
2537
3720
2233
2363
1577
1918
3627
3256
4367
3244
694
318
731
514
2043
3877
4245
2999
497
4653
3472
4532
959
856
3853
878
1020
1203
763
64
3155
1802
4920
1257
63
4701
680
4366
4957
4558
2074
1219
1069
2988
2691
381
1843
3110
4269
233
802
1821
3418
1995
2894
1362
1130
2192
2094
4139
1408
4137
4365
1719
4484
3289
2771
4237
3155
2023
3139
2983
3667
4286
3175
3235
4597
900
182
3243
4870
1431
2898
4499
2957
2719
4804
2441
3616
4651
4794
2031
3473
4726
544
1162
3540
3780
993
3013
2551
4017
3808
3904
2392
1389
1892
2766
671
3764
3776
4691
4587
1260
751
4079
3342
944
1862
644
3986
4413
1007
1335
1267
2611
3319
2998
160
903
2484
3524
2601
3611
3200
1981
2169
4264
406
3099
3456
4755
2744
567
2643
3391
3977
4843
861
2332
3835
1573
3993
4821
2474
4084
2532
3885
4482
4298
2388
3268
4022
3095
1375
1597
4628
3678
3174
3383
3686
4387
3708
2712
484
1255
2053
3506
4299
2997
224
110
1220
3947
255
610
4064
1742
4544
694
1966
3475
1557
1901
1377
2672
697
2819
2365
4602
635
1071
2986
4226
4297
2707
71
1456
3721
4900
1144
1687
247
4356
1798
1311
4015
1331
3577
3607
1541
1790
3350
4582
1337
1148
817
1081
1134
3069
2781
2665
4516
3776
4424
216
4879
4370
1037
2748
2902
866
3206
4311
642
2112
2600
4976
3132
3659
1590
2408
1641
3910
4005
2623
2843
1967
2863
2986
1557
3781
1305
2240
4161
4017
19
3655
1506
517
3724
2534
2278
2112
1750
4023
2754
4626
253
140
3068
4502
624
629
7
3519
2594
3642
4704
561
2462
4587
4716
4000
2229
1307
1899
4738
166
520
1885
4819
1879
3128
1433
4307
1904
2515
54
460
982
852
3811
4361
3167
4515
3971
2900
4507
738
4268
2544
3776
157
1137
4199
4241
4885
4132
2022
1300
1030
1543
3103
2888
2253
1149
210
4072
485
1247
3627
2701
2834
2374
2708
2283
4196
3801
222
3744
2519
175
4799
1226
3793
4855
1380
2909
558
699
4692
531
283
2115
3696
4996
142
411
1551
4061
4035
3140
4885
2900
1784
4087
533
2508
4149
4281
160
3035
151
676
2376
3598
3509
678
635
403
4925
2014
2571
2194
1230
2850
2862
525
4442
2507
2420
1645
4017
1072
2356
3387
4434
4354
2384
2103
2033
2875
881
3406
1581
488
2370
3644
2775
738
1452
769
1476
89
2409
3577
3620
1274
705
1107
3998
4382
1192
1581
3727
3962
781
4621
516
4009
795
2432
3043
619
763
1058
2110
866
1806
3240
3022
824
2221
1164
2552
617
1563
1766
4750
2219
1775
4130
950
3541
756
2953
1414
2023
609
845
3874
4562
1513
2410
3099
1785
2111
3259
3376
1579
1556
2008
3387
3078
2354
3090
169
48
449
3590
312
3152
209
4489
1084
4169
2112
4579
3445
2372
4046
4167
4523
3389
1448
2920
1291
4884
3424
610
3637
1208
1455
20
2435
4960
933
546
1363
834
4549
4291
4687
1613
2791
2366
2767
978
4213
3702
2957
1013
4731
4081
1342
4681
4842
304
3040
4634
693
1414
2955
2236
1754
2870
279
2892
1517
2687
1179
1445
2586
2651
4684
4829
2985
689
475
2434
683
20
823
3884
4159
1168
1621
3855
2629
3012
3278
3269
1986
2270
2572
4648
3968
3150
4191
972
1432
1034
1947
979
4771
377
2121
698
1395
85
1114
4794
5
1677
4863
3926
3866
705
2423
3113
2236
4116
226
1447
1448
140
2841
2270
2361
4818
1311
68
3812
658
3614
2391
3251
50
621
518
3789
4078
1017
2750
141
799
627
3719
3088
3387
3892
1134
1458
4941
365
3726
2824
1242
57
778
3667
281
4413
3326
9
3203
1166
2115
4140
1958
2004
4816
3667
4855
2882
546
1794
4911
2331
2808
3861
450
4393
3891
3155
220
3209
3496
1197
4165
1163
774
2234
4224
365
1298
2190
1766
4025
157
3229
1438
4252
2083
2193
2287
1099
3583
3627
2593
2498
3655
481
829
3897
3588
2806
3734
845
532
2528
1704
4519
708
4594
85
4718
1945
3842
121
3580
4421
270
2241
3916
3651
2040
3413
815
3228
891
4286
3324
3517
2289
3283
4245
3086
3524
3751
2352
314
821
2515
1135
3506
2724
4878
1784
4436
834
2100
48
4314
2851
881
2110
798
515
2903
247
212
4148
3099
4121
270
2140
3335
3001
735
3544
113
4513
320
2222
2237
930
2849
844
2924
900
3210
1695
3557
1608
1545
4287
1049
3671
211
3224
4191
3472
3092
3346
475
1558
1902
3607
3626
64
2711
663
286
4426
3687
2214
17
1856
2712
2143
3825
767
4933
3694
335
801
4789
3114
3181
1144
1064
2100
4813
455
4909
2607
4316
1303
894
703
1838
4909
4878
4141
4765
1132
4408
2304
1184
452
24
1789
1036
1782
2135
1867
1894
2457
2996
3611
4838
2587
1677
4392
4477
398
3346
1377
1444
3917
2215
2681
1566
3305
4883
1181
997
1369
3064
588
985
2595
1076
1992
4269
4742
3014
3350
4172
865
1876
1990
1567
4691
4746
15
923
2039
330
478
4593
4541
2176
1927
2930
3938
365
3601
2603
2505
775
4388
3084
4869
4288
267
4291
2115
4030
825
1636
3606
2125
4460
4399
4285
423
1768
541
4470
3315
4523
2362
2345
4045
3223
1871
119
582
3318
2552
2969
4537
4126
3019
2461
1392
174
1475
750
4433
4048
1099
1247
1969
599
965
2233
3264
2268
3371
3764
2051
4292
3226
2138
1485
110
821
2234
417
3477
1571
4734
1028
4858
2781
3983
4855
3966
4976
682
2138
3064
139
2563
3050
1314
674
2870
1007
1895
1611
4705
3896
2310
3910
583
3887
805
2738
388
2306
3092
827
1296
1961
4444
324
436
4040
2478
1302
4674
4621
2205
4046
4313
1877
4837
401
3071
3912
4765
313
3785
2241
3812
902
3329
433
2588
1740
2222
4306
1118
3278
3445
1577
2700
4678
2216
3999
575
3406
4324
2204
547
508
1664
1757
471
3896
1158
3392
3991
3698
594
1947
2048
1752
3801
1212
4752
3317
52
686
429
3085
2673
4499
4829
711
1290
4377
1184
3489
2017
2347
4958
2740
3873
2903
4803
1290
876
3835
1209
813
1590
135
3906
4022
2885
4772
4250
1094
3868
2196
1050
3631
305
2779
2948
530
3894
3958
4063
3785
4061
4717
805
50
4805
2493
1754
3215
108
4329
1502
2084
4828
2575
296
3676
345
1820
1265
4955
4430
818
4736
2462
3586
2140
2845
291
2973
3648
3380
4786
2827
546
4170
2342
1991
1782
267
2465
3019
2018
4082
3155
650
847
623
12
2282
2669
243
4019
4436
4790
2055
819
1539
4128
4765
2134
4629
4450
322
3895
453
239
1148
3929
3301
1351
661
880
3938
1035
626
1420
2218
3958
2509
4023
4494
1665
2457
4940
875
464
4365
3036
3815
3972
1958
1498
4713
929
1461
4787
2152
1794
4
1469
3552
2680
3213
4404
4900
4535
3176
2984
951
594
4349
1244
2298
1140
4091
158
534
2710
1732
1641
1732
3552
702
3540
1080
2548
3187
4654
2422
712
2281
932
3632
1108
3608
1760
2593
3076
467
3958
1905
1584
3352
1750
1480
4671
1071
987
2781
1531
120
2571
372
1187
3156
637
728
3947
1283
856
1326
1931
2640
4406
3544
4987
3039
1939
4838
3461
3548
3866
1018
4783
3572
1751
4025
254
2222
4201
1044
4188
3896
3133
4127
578
1120
3614
746
3172
2819
3925
2914
833
4193
2662
4607
914
2552
3660
3150
4446
1307
1817
1903
4790
197
4351
388
1082
629
3033
1135
2747
4707
1745
4544
4525
288
1206
1998
3495
3979
1568
898
3780
2527
2470
1338
1754
1891
733
3986
3157
109
4288
711
3775
2166
3090
251
4577
3605
2504
55
2931
3185
3913
2535
613
3955
133
4607
937
3006
3094
2891
3173
1766
4772
4973
4995
2975
544
3918
4680
2713
2940
1896
2015
3593
802
2388
2830
427
3822
3821
1747
295
2845
384
1369
4273
3625
4678
918
911
575
1270
2612
2388
1893
3767
3467
277
1350
1788
466
3249
4562
613
1823
84
4028
4703
52
2075
3992
266
3885
1138
4724
804
649
364
4125
2467
1809
3730
1303
398
2439
1590
4041
2960
3128
328
3920
1698
3101
1945
4728
2388
4810
3492
446
2995
731
133
4708
3241
1
34
1796
198
2168
4705
3447
446
2297
2376
2992
697
2232
2554
223
2505
3311
4154
1945
2015
3304
628
4203
2749
1820
2536
2072
1564
3885
3807
3200
4348
2190
2526
798
3926
3595
343
1612
2274
3379
4667
3065
217
1517
4839
1522
3240
114
1120
2890
1875
4352
3896
2060
977
3262
2754
4931
3989
4043
2181
2767
235
3549
3335
3929
1842
1616
1911
4636
93
4709
2232
723
233
1018
2055
1434
3963
2885
4226
2514
62
347
1298
674
604
1349
503
2916
1789
3891
4271
717
4429
2472
4394
4385
3966
2103
3118
1787
3281
4553
1464
4712
4987
3193
457
121
1284
3956
2428
355
3329
3122
3426
3247
2714
2649
3977
316
589
2601
1192
1712
3153
599
2709
4492
2924
62
3096
1068
2843
2902
3721
4797
507
4952
4363
4256
4950
1343
958
2682
2951
171
3221
1044
3754
4313
2594
540
1029
4081
3679
1694
3044
3372
1722
1916
4913
3864
932
76
3087
2495
2853
927
4107
1287
662
525
4383
1911
4979
705
3324
50
2583
3480
1753
555
250
4237
2312
4193
2402
1670
2387
2156
367
4050
4341
1255
2983
36
1921
1171
2041
2524
3999
2650
683
3590
2617
68
3885
1969
1770
1344
3824
4902
860
1965
552
899
1996
784
4041
3923
4517
131
2468
2683
3109
3231
1995
4312
4735
3374
3282
175
4741
1484
1878
1266
2817
2339
4649
2735
4874
640
2843
4881
353
4695
4202
3682
4554
210
29
4370
495
1934
3927
1969
4254
3375
2347
1690
4362
2502
4179
1073
943
1022
4434
4982
4949
3364
613
3681
4777
1849
2785
1459
308
3275
3616
763
3234
2834
4262
1988
4874
1207
2114
522
616
4474
4141
13
2010
1177
1273
3876
4330
4567
3138
3986
3463
1662
4616
707
4485
377
1135
1698
117
2005
4007
845
3167
4072
3198
2035
4628
1243
1552
294
4760
4557
3835
186
413
1512
1876
3933
1594
719
4126
1088
4537
2762
2753
1670
2143
3905
2515
4454
4604
4429
2552
2793
1546
3635
2692
1073
601
336
1104
4649
1479
1788
4079
87
163
4931
4565
1374
281
697
3780
1741
2327
4262
3438
2763
2212
579
4673
4543
801
685
3036
3043
4584
3462
4048
908
1107
4539
3113
4245
2926
176
1332
352
3677
4101
4243
62
449
2259
3919
3039
3634
902
3085
4376
3138
4822
3999
346
2363
661
2217
1509
4550
3146
912
4057
518
4834
4401
2701
3269
3082
961
1309
2874
1142
2188
3003
2235
2618
4586
132
2779
3383
3650
138
1814
3764
369
1712
213
1655
1513
707
2897
3127
3524
3663
726
4691
1921
1842
3136
3748
1998
2841
2088
452
4302
2611
4217
2670
1546
1805
1747
1222
2511
1445
2448
951
4780
4064
3532
3798
4562
2510
3640
1347
3164
2757
4535
4593
1649
4239
17
4294
192
4303
4216
4764
4185
2557
1502
3044
3037
4608
4555
3276
1753
1822
1390
925
3695
1101
1019
4611
174
3334
3095
4562
2811
1880
4726
597
2476
1062
4694
3354
1754
3112
1478
546
1818
2628
4837
4722
1279
2822
3668
3512
526
336
4495
4821
3592
2519
3001
2351
4521
2830
2370
1009
2268
3790
3871
159
1954
1278
4389
3764
86
2605
4925
4591
3364
2595
3601
3272
495
3094
1763
2725
4330
1261
3609
1153
3245
114
3583
2252
1939
1548
355
3792
1014
297
2067
4119
3276
2180
2967
1366
4428
1186
1287
2665
2504
735
1961
70
642
4405
2353
2727
333
1765
4013
3187
311
4755
889
780
4344
1083
2193
1284
824
3916
1473
4090
1707
4762
4049
3455
4368
710
2220
3960
4794
2361
4326
1577
4584
3388
218
4428
1022
469
351
56
727
3204
2125
4564
4180
2544
4260
1584
2961
1829
2731
3596
2247
775
1276
2989
2021
2035
3668
3057
1243
747
3369
4061
3122
1526
1955
3352
2677
3284
771
2526
4458
1819
2342
490
2783
516
4043
1019
3544
240
51
2081
45
4054
3637
3695
613
1234
1081
3104
1835
4788
1795
1913
2812
3251
3144
3192
138
612
2450
2559
4226
2667
1843
1086
4147
1362
763
1626
2837
3602
4816
4218
3069
2590
2791
124
3818
1482
3135
4800
1712
1833
3921
3936
1578
2472
3588
746
2807
2853
1806
2365
4713
2351
1410
3755
4256
381
4886
2540
3216
3112
4116
1375
4559
4847
1884
1132
4794
4537
157
4760
4237
2419
3691
1009
1709
2797
4788
4368
2645
1697
537
3691
3717
3888
2706
4497
2233
4192
3267
4463
1709
1388
330
3902
1867
4909
1385
2154
1072
4077
1095
2685
4501
3302
4700
316
603
270
1780
3544
2720
1186
235
139
957
3691
1425
851
2303
4418
1643
1141
4668
3996
2831
3207
1319
3307
4637
3779
2680
3040
3224
315
916
2665
3564
2478
2591
4017
3708
4476
3299
2968
1945
806
1341
969
4485
1112
2745
4663
3493
1925
3531
4574
3563
179
4010
3272
2971
1344
4676
2879
4399
12
3001
1796
3269
927
4549
1666
3342
2123
3726
1265
1551
3656
2002
3334
1093
2872
313
2341
1042
3771
3156
3916
1879
3364
1650
3636
4893
4536
1388
2497
3376
1193
4860
2483
1186
818
1609
907
2262
3
1134
3722
1661
3115
4901
1675
2210
2643
1463
3365
11
4906
2827
3977
3849
3048
2487
3310
4362
1102
3975
2738
2646
4928
867
2104
2812
3996
2406
3551
2310
882
253
709
4896
2225
4665
14
2959
519
4067
1493
4109
4142
4843
4378
3732
132
1730
2052
2107
607
678
4015
1548
751
3445
3669
1499
3928
937
4566
4832
1641
2530
2155
2348
4888
4144
3673
2779
984
2582
927
3006
3600
943
2447
2312
2326
1416
2248
215
1906
3653
3127
783
4010
4325
1257
3396
4654
3276
3978
1312
1112
4947
2811
1302
838
3197
1417
3979
1234
2303
2739
2361
3141
201
2078
1583
1929
2871
1703
588
4761
3658
2366
4692
2460
4639
4803
1433
473
3157
568
1738
156
3984
2765
2179
4828
3080
606
369
4907
3904
2878
4927
4308
2203
3053
4425
390
4396
1738
2827
438
3646
573
3905
3457
4324
1759
2356
3300
849
220
4320
723
788
3664
137
659
664
1062
1629
21
4058
4811
2557
4601
766
623
3816
3933
4027
760
2537
2952
3794
655
158
3737
165
4618
1091
2174
1982
2131
4112
2696
1213
3900
2959
468
3383
3364
2612
2654
4333
3446
3958
4982
1161
2769
3365
3756
4388
1254
1247
332
36
4951
690
4822
2274
2384
4989
4959
2546
960
3321
1055
2716
4335
4199
2340
3171
3215
3420
283
2470
4604
1763
4408
1555
4050
2032
4194
2010
3060
1948
1560
1667
759
382
4658
477
2676
4413
2296
301
2104
1289
1743
451
2201
1876
1559
2859
1681
2378
3271
534
554
822
4531
664
806
233
1587
3113
3708
2305
4274
2993
1957
3219
855
4510
1037
1992
4387
3582
3599
2788
4147
2889
691
1407
3249
453
262
526
1668
3292
516
541
2578
2464
509
4998
4325
1170
224
1742
1326
4711
1377
2543
3927
3370
4811
4605
2326
299
4412
622
2750
53
4182
48
2092
2369
2340
4740
4797
3323
2339
1266
4279
4410
3406
4171
3647
2018
3353
2059
2251
4751
197
2322
4664
618
4816
1364
3040
2144
4648
407
4775
4117
2339
1829
2737
1496
2689
4560
526
2993
309
2471
2792
4563
4355
105
614
1202
1658
3305
885
3763
61
3130
724
2791
1460
3431
4623
4825
1791
226
1288
3359
817
1010
881
4837
3421
4128
1298
1368
3051
3042
240
269
126
730
1861
1737
1483
2927
2526
4592
536
1907
4868
1478
682
756
2511
4997
4130
658
1131
1622
2055
1798
1404
3577
1384
3690
2419
4322
3434
1236
4126
3226
2504
4036
774
2790
4147
4870
2207
4141
3105
4685
4887
2280
1279
2597
2098
1092
2114
336
1968
4542
4123
3250
509
1763
3498
1875
1961
661
1435
1689
4621
1600
3984
4961
4274
2056
3138
1113
4558
1074
1814
1277
2930
3061
961
616
4172
2392
4926
4686
2609
25
1926
437
1260
4097
785
2326
2891
1716
3440
1763
113
1814
1467
4442
805
3464
1469
878
4581
35
1187
943
3333
3122
4101
874
4246
4699
4894
3369
2455
3098
2452
3571
929
3018
443
4015
3535
2181
1414
359
259
829
3549
131
455
2337
2685
198
924
4137
3589
3582
1488
747
1668
71
777
4598
2773
2807
4369
4400
2988
3863
278
1365
1494
1456
1644
3907
1840
789
1572
898
4996
400
4191
865
3412
3679
358
4732
3377
2369
2490
938
985
3713
2426
1332
2006
951
3159
2070
2130
1056
2477
4719
1275
4067
453
3456
3305
3394
3911
4651
4296
333
2731
3957
229
2887
415
2268
3972
3738
1421
3999
2483
4022
568
248
2458
249
1673
1871
193
83
1778
2745
1071
3534
3549
902
4521
2596
2533
3812
631
4087
3427
3245
2734
2786
2497
2185
1812
3400
4969
1648
231
4801
4657
320
3595
1478
2021
4966
4275
3823
1702
1097
1355
439
4767
801
210
4631
3913
4513
677
4189
4127
2368
3131
3101
428
592
3152
1275
1177
3166
3174
1239
1779
2692
1718
4199
1619
1605
1204
2210
1018
4830
1566
4410
4758
268
3487
3825
1001
4430
1638
240
591
3435
4464
573
2901
919
615
348
1115
3252
2420
2540
660
3365
739
1000
1976
1243
3632
4098
3786
1959
4864
1101
2622
693
1664
1907
3694
546
4518
1529
1992
938
3008
2981
1180
3819
906
913
1693
3369
374
155
1381
1350
1266
276
428
3043
363
1669
403
1908
1782
709
4618
4424
4812
4626
1722
3548
3302
4593
2003
4579
1449
4073
4639
1100
2676
2350
3183
4751
4347
1483
2005
4469
3266
4692
1823
2074
334
4722
3733
1992
106
2370
2929
1767
2786
1795
365
3710
596
1520
4626
1568
4649
1350
2162
4509
4681
2881
3744
4779
871
1281
604
1720
3512
4077
2012
3540
1553
539
3963
182
109
4825
3518
974
3132
4411
1327
2550
1604
600
81
3376
2037
4766
4418
4875
2871
1438
2251
3713
3944
3937
1298
1164
778
2051
3003
4263
410
3643
1689
607
2235
2929
2904
2346
3071
798
949
4335
3838
3830
4058
2955
672
4118
1653
2925
2279
3387
3112
697
138
4436
3654
3750
3105
98
904
2474
1386
2876
4902
3969
4896
1847
3845
603
2043
3294
1062
3523
3939
4901
3698
4797
4421
3372
1772
3696
108
1579
4279
2115
4951
990
4391
3649
4837
3501
646
324
2842
4390
3434
337
73
3086
4575
2892
2203
4418
1957
2299
3114
2327
3726
1238
1280
1408
1727
3062
309
4681
1782
2463
3792
1479
2852
4509
4206
4518
3867
4899
1874
4054
1396
1796
1447
1366
3532
1427
3260
3021
314
2150
3202
2296
4110
3319
2313
3514
1282
596
1375
3620
1034
4733
4314
4778
3167
4539
628
101
55
3748
1450
1959
2766
1088
2796
263
4205
4505
1489
3396
4903
4135
3136
1838
3143
4071
2306
4770
4874
1220
1807
474
4722
2608
754
4583
1471
233
4727
1431
1830
1385
2340
4041
3740
1824
2970
667
1561
942
2726
2104
809
187
618
3414
1989
2338
2888
2476
3522
1283
395
584
4479
4319
3684
370
476
3322
1201
1481
4375
4505
2689
2717
3697
1066
4671
3088
3073
4627
2378
97
1282
2621
1920
2302
25
2997
3058
1116
948
3441
859
1485
395
1942
3436
4762
1177
3996
2621
588
1022
4471
3852
4198
4760
2748
4107
3521
1514
499
412
3879
4040
3137
2604
19
3938
4626
2860
807
4884
920
3502
679
812
2392
4467
2354
4198
7
3741
1215
3734
457
4955
1989
3961
3895
1276
1241
1232
2289
1348
292
3732
1441
4678
172
69
4181
3052
3541
991
1010
1462
1025
416
1314
95
2197
1498
1846
821
651
2558
2598
2264
2927
1272
2070
3767
3160
1782
2542
428
3980
2738
1122
572
3091
2529
1452
1378
4080
1483
2493
19
901
4907
4080
2138
4879
3489
1123
529
1755
2616
1398
2762
2673
3568
2730
4763
2712
1904
3194
4120
3208
4534
4975
174
1289
4178
4132
4135
4684
3971
2243
3657
4807
2153
1821
1942
4573
1253
1057
2345
2600
2747
4014
1149
4703
4501
1946
1027
3115
3855
2455
1442
172
3760
3496
1118
4698
1286
794
1714
3300
2107
749
4514
576
3227
3412
479
4356
1149
3763
1274
574
4591
2720
1292
3149
54
1914
1401
3644
1603
4355
928
1325
2533
3051
3676
2217
24
4234
1202
4308
4263
1479
2835
1784
921
2670
2954
3049
1575
4301
1767
4978
2711
4475
4438
599
3533
805
3021
5000
2640
1613
2726
1445
1406
270
2516
4793
2107
798
4825
1124
3936
2288
2786
4671
159
621
1429
700
3491
1691
1705
2864
84
1838
2955
4225
2923
4837
3730
870
394
1256
2108
2987
3477
2492
3212
3120
4789
2181
1391
3375
1174
1898
3019
2224
3733
3958
2054
3326
4112
1976
3448
703
1968
4236
2372
2377
3245
2926
2448
2365
3004
1083
3111
1750
1784
1604
1900
1359
4509
2926
2737
4879
3580
698
4941
1752
4177
2923
4903
1077
1016
1523
1675
2266
3151
4335
274
1781
4337
4657
21
4637
3502
735
3267
1144
2947
1283
2596
991
930
3341
4169
4949
3842
2060
2186
2303
2065
1453
2620
3593
226
3565
4614
4125
4025
2471
1992
3352
3035
57
575
1677
2621
2098
4473
2546
1075
1640
3618
4358
1887
811
2122
3780
1887
3408
3949
2528
1779
3938
1072
3234
4756
2949
4998
1713
4819
3997
707
4136
1349
4510
3408
799
3281
1237
1288
4073
3872
2961
1826
1459
4855
251
813
3614
4739
3464
4782
3570
256
3010
510
2278
2755
2818
3023
4318
3685
4900
2883
4081
957
1967
4237
556
2012
1346
4937
751
2476
985
702
626
2136
4966
1952
2188
3083
1665
4212
566
2589
4233
1833
4130
1404
2720
1429
31
3569
3440
431
1886
2063
2612
2004
3271
2072
105
2188
1740
4072
3812
2519
4766
1450
1955
1301
3823
873
271
4870
2920
2653
929
3944
2706
815
2918
3099
862
4776
1524
2389
774
4864
4386
1802
2276
4524
694
2753
380
153
1396
3173
2550
2148
410
255
2668
3812
1307
3424
2806
556
1327
2465
915
1852
566
3745
866
4038
4677
3873
3047
4002
1644
4812
4106
3336
811
579
2664
855
3803
823
3505
3110
223
1740
1194
418
3458
2790
1018
684
4392
4763
642
2253
1407
2574
2671
3396
3235
1930
2420
3239
4124
258
2432
2305
472
139
1361
4496
555
2855
2597
4758
110
3871
2038
4676
2794
1457
1548
4441
4187
3557
1552
4608
3005
1007
3224
2433
4306
4825
1744
1755
1719
2026
3397
1180
377
1599
1248
910
3874
3887
716
3012
2324
2463
4383
2964
1431
1606
1867
3732
4016
645
4199
3235
2457
1841
4417
2673
4232
48
718
4728
4871
4243
3556
2828
1820
1383
2352
3294
922
3512
2353
183
871
4306
998
2972
1371
614
4165
1307
4475
3847
454
108
3540
1116
3215
4839
4411
3182
3962
1666
4064
4911
1784
3065
4624
1851
4819
2303
2747
4526
1914
3945
1144
711
2511
3836
243
4640
2166
536
1312
3883
3405
4423
1338
1539
2970
3347
1706
2620
730
1376
3538
2618
2889
1900
2787
3276
1989
3369
4373
3520
1019
3455
4409
4756
3055
4522
3217
4768
2667
2546
2642
2497
160
3589
3742
3123
1178
3100
2517
4342
3610
3938
1115
3212
4695
4917
2057
4238
4667
583
3870
1493
2242
4800
4431
1650
1430
3700
2475
4077
791
4874
2134
1875
667
2887
3432
155
3030
4083
3832
3907
2542
1676
4970
4645
3033
4177
3661
4359
1138
1445
39
503
4194
2884
538
2460
2744
3445
2993
4966
1788
1598
3838
3656
1091
755
897
1685
900
4526
2543
4490
4755
1851
3424
4625
104
2429
4504
1183
4711
2865
3128
1465
3732
4618
4316
1838
3386
3989
4848
4753
2507
974
4944
254
1778
839
3929
763
3920
3478
4001
744
957
2013
3720
4795
7
2106
438
349
432
1987
3266
3948
3980
3937
1911
560
2303
3554
4124
1398
4861
4794
508
2235
3745
1303
1387
1307
3012
4209
3184
1787
4482
18
3898
525
954
4680
3886
1417
4260
2367
190
2938
1810
3486
4471
2029
3946
2662
1127
3772
4918
4246
4500
687
1382
401
184
491
3955
2738
1828
3050
3613
2801
133
1310
596
1920
1025
1487
1892
784
1621
3987
4492
967
375
2634
3773
1587
2523
2308
3319
2715
695
3140
777
942
1181
11
3442
946
3370
1734
1971
2231
2402
4021
2057
1064
970
3787
1152
2274
529
3733
629
995
1902
4997
2730
1700
3971
3378
1971
1139
3892
3053
2028
1182
2022
248
3346
1768
3607
3971
175
767
1793
4955
3957
4664
3261
3749
1864
4497
1190
3119
3095
2205
123
4897
3922
1358
1253
4490
3881
3476
3481
1654
2373
2788
3296
546
739
1824
412
3250
514
248
622
4020
481
4291
4811
2281
87
4148
2144
4250
1399
708
613
289
1106
3974
1942
2151
816
1998
3048
780
2640
3029
2473
4366
3569
1691
509
4802
2237
2564
2897
1173
4630
4904
1790
1183
1484
2706
1583
4349
604
1769
2809
2144
3808
2639
1439
1193
3023
2201
1833
640
590
4399
1876
572
4376
2596
1518
4878
2310
3180
1370
3364
4788
2322
1323
770
2905
2329
791
1909
4785
3080
2877
1307
3831
2058
1248
3275
3493
3397
753
2931
4528
145
978
2328
480
4955
2049
1576
4580
705
4687
157
3169
3348
2023
2685
946
4945
2472
4052
2126
1600
4949
726
1165
3325
4953
3961
836
4798
3287
4557
95
1147
3003
2977
2752
989
3570
2504
3331
4624
3931
3786
2831
2613
3059
643
2742
3977
3343
1437
4982
4363
556
2387
4613
2250
3864
1973
3597
1384
4794
1643
389
234
1999
2993
1919
767
2810
910
2540
2630
527
711
2952
4816
4994
2447
295
791
1038
3459
2578
2070
1899
3923
990
2021
3317
234
2745
1662
433
3908
3804
1048
3629
551
1498
692
2609
4377
889
3334
2204
3994
4453
4876
180
1903
3766
1235
1243
4038
2085
3975
3177
1487
825
3360
4383
4683
2504
212
4189
1395
4734
4639
4334
866
2960
3367
1887
2632
4126
3658
1030
2357
2337
4303
4463
4759
809
4669
1820
4692
2225
388
2498
4989
4503
3072
976
3610
3362
2645
4776
1310
3861
1668
4492
2752
1250
3928
1743
4501
2116
3425
2592
2821
4136
4725
1392
4765
4600
3343
575
4412
279
2027
4223
2712
3594
2668
3774
441
4397
329
2359
2808
294
3761
4312
3899
3288
239
167
3932
1616
4522
2075
4666
1242
2748
3694
2602
143
1907
2828
4085
1226
1108
3623
4206
2134
826
135
2178
4351
994
2561
1690
2996
1678
3369
2768
2471
4969
2352
4493
4879
3210
2957
1025
3206
3079
1534
1010
4076
1479
4739
1090
4042
4164
4172
1347
3148
1233
1616
697
4662
4985
3157
2061
2952
1036
4742
733
70
3440
1664
2087
178
2353
3661
1893
2666
4718
3596
1306
1994
1356
2307
2208
3332
601
1095
3117
1190
4905
3637
555
4275
3790
4125
4803
695
1928
1733
4748
743
4844
3851
3299
3019
4176
231
1011
1924
1043
1411
143
3665
1482
1341
4591
4769
2938
633
2998
16
32
228
126
3869
2334
4160
3470
2429
349
1231
1231
235
3535
4762
450
3666
3885
3231
2574
531
2890
1156
1304
821
3660
4476
4948
1254
2576
1855
4767
4432
640
3432
4564
4225
1269
4017
1314
4098
4879
4852
2170
4680
128
3532
4674
3665
2849
742
2038
3691
4170
1794
4786
4492
3190
467
1348
1712
2870
3630
2025
1881
1403
3830
967
4597
1881
318
3021
3925
478
2223
2751
4364
4966
3030
3408
2171
900
2373
4380
1397
140
411
435
962
3651
3714
1354
2297
2809
4308
3431
3467
4922
180
2606
4203
1973
672
4267
2254
3269
4407
3139
2134
2885
4522
292
1039
4917
1380
1767
2126
3256
3885
1253
4665
4095
2752
2440
2546
1235
1628
430
1262
491
824
820
82
838
3525
2612
3722
3100
960
2899
226
1991
2859
3497
2385
2192
1994
3287
2916
2962
549
1151
696
2944
2505
3035
4340
4197
1160
2117
4294
313
1861
2537
2738
684
413
4948
1247
310
4281
2705
4093
3948
4026
2310
833
52
354
3588
2918
3012
4864
1091
2892
2771
2405
1900
4703
2851
275
259
2788
4390
415
2091
1856
1500
223
4725
271
2775
3060
1769
4037
3901
1159
3411
2920
552
1386
4287
2864
3968
4778
2730
2178
1430
2787
1782
4866
524
2050
2718
2082
183
4379
700
4546
699
1212
1559
400
3530
852
4893
4099
763
2689
2981
808
4950
806
1461
2270
1149
3030
546
3189
17
3705
2440
810
3340
519
1199
547
3939
1453
4077
1738
4546
587
2453
1207
4095
822
1338
2146
10
976
1909
2878
2281
2415
1204
151
3321
767
1234
2815
1945
2928
250
1929
2022
3772
4804
2252
3636
2464
3329
3958
1843
820
995
2293
2324
3544
2405
4254
2394
3793
3000
3387
357
2285
1024
2221
3807
1556
3834
97
2475
3664
45
3630
4688
3093
2979
438
2470
1950
98
4849
4992
1840
2954
4227
2759
3694
4954
2643
1840
3161
4816
398
459
1241
3873
582
3458
1374
1908
3091
178
1473
4723
948
433
4252
4329
3815
2855
4384
2587
1835
4266
4679
3751
2157
2139
4811
2855
1861
2320
2267
537
2152
2158
724
1671
1786
1785
4616
1624
4277
3769
3990
715
1297
4671
1255
497
3267
4802
3399
3858
849
688
4828
4114
1899
1286
4136
465
728
769
1091
2429
4413
4000
817
4048
1364
4171
2275
4752
3198
3682
1176
344
3922
3156
3681
1104
523
1861
4104
1711
3097
262
4630
1811
4257
1343
2125
3837
4352
4225
2937
468
309
1921
95
1135
1182
342
897
3947
4517
2548
4008
3330
4709
571
402
3769
3159
375
1591
3928
4781
34
3076
3054
1786
2352
2909
1695
3850
2345
3655
2496
2031
896
4220
3436
105
2385
1406
814
2908
1699
16
649
3677
4801
3419
1003
2149
3715
1856
570
4799
3660
4036
560
993
3937
2516
3810
2748
1581
2770
419
1484
493
1659
1655
3435
3599
3208
19
3954
1082
174
1366
94
4688
1875
682
2810
498
2098
637
4528
1946
3402
1014
4469
3856
1841
1363
2323
2551
547
4996
3046
4679
2199
2077
426
1808
2934
1978
1459
2667
1693
3608
485
1370
3729
1241
3499
3578
4195
3107
73
4538
3742
4582
305
110
3670
2285
1316
4470
4141
2453
4534
136
248
1003
4305
2036
1307
2580
4780
92
2759
494
2707
3201
1729
2065
683
1167
4487
2320
814
377
2038
3805
4540
4372
3348
4211
4554
1045
4511
3280
1646
619
4094
2144
2834
1905
3132
4244
2718
4685
2372
1381
4609
3985
4572
4493
1421
1858
3513
2501
3074
2178
3997
4162
2079
762
4486
1776
781
2241
1770
3093
1029
2897
4004
4652
3401
4025
16
269
1479
2921
4491
483
1330
4779
2227
2621
4502
328
1711
758
210
2157
4743
457
3505
1080
1056
1302
4349
677
4896
66
4286
3751
3580
4574
4352
664
659
1736
615
1393
2764
3253
4295
2814
325
2846
2392
251
152
4090
654
4066
321
4390
3090
3020
4433
3332
1743
4585
4608
1774
3968
3106
3456
1611
1645
821
4346
407
2847
3864
4886
1191
4301
3103
2187
3373
940
3464
201
4190
977
3728
683
2893
1317
3702
3038
1964
618
1058
285
4280
4574
2022
2295
732
1902
3252
3009
2195
2448
3026
122
2004
1814
1802
2920
1873
3341
3588
2584
4091
3994
1920
2004
1092
4842
3217
4723
266
1852
2313
1450
1821
2607
2958
4900
3874
4305
1208
214
1685
2163
2335
3387
1476
991
2223
4917
1318
900
1954
958
757
4545
1614
2297
1432
764
929
4805
2024
1765
3121
3167
4905
1400
2216
2881
4332
727
3842
195
3018
2052
4902
3540
3380
4192
4895
144
2079
448
2862
3958
1870
2853
2627
1484
3027
3628
1954
1781
1430
3961
2286
1746
1940
2644
544
488
1477
1274
4048
465
2535
4670
4274
399
2979
2461
1439
1307
3212
4714
2773
3311
2113
134
3125
3172
3470
4904
3692
3245
1101
1973
4757
4068
781
4815
4452
1817
2154
4013
3715
2496
2115
2111
148
747
4750
4588
3405
1818
2555
753
4007
1571
2639
1353
1766
2357
40
1384
990
3573
4062
503
4513
3121
3616
3765
4886
3435
499
3454
2277
751
4543
684
4071
389
1144
3389
2554
2948
3171
2829
4235
3736
3767
1426
3412
460
479
929
2993
4003
1060
4689
2638
554
69
1873
77
671
4764
3141
1224
1503
2348
398
4381
3014
3712
874
3239
1680
1550
4225
1469
2706
4551
4706
1074
2173
3886
2551
1481
4512
2977
1351
1473
2271
4725
392
2301
4068
4233
107
1516
3104
2389
2869
491
2275
2289
1615
2542
2187
2892
172
3798
1985
1967
2843
2462
3318
2593
853
1484
2276
2276
4952
963
493
83
1309
3576
1922
2425
4269
822
4330
2628
4567
4472
1659
3191
4177
3491
472
2195
2116
3361
3217
568
2774
421
3700
875
3702
4411
705
2675
156
2072
2815
4018
2752
2876
3875
2955
2651
279
3910
3992
1157
1601
1142
3592
4401
822
112
4845
1179
305
1334
1734
852
3501
3535
2346
2456
2689
1272
2991
4773
1545
830
3035
4109
370
1803
4056
3370
4680
2734
3076
1079
3813
1979
821
3744
292
3706
2953
1040
1000
3860
1601
2491
3710
2498
1226
1522
961
1886
1387
1659
4773
3923
442
1758
1764
2330
2226
4364
2345
2456
241
4192
3490
3364
171
3161
1346
1786
4098
4647
4690
2749
4282
2716
3404
58
1044
4316
4351
1029
962
3602
2074
4645
2585
3279
2091
1332
678
1983
3061
2151
815
2424
1687
4359
4865
992
1882
3179
4288
1287
4007
3959
4020
1324
1145
4853
2021
2221
2600
1445
3527
4323
4475
4261
60
4639
3786
4542
1269
1818
3021
1288
544
729
4467
2104
4064
2577
1013
2690
128
651
1551
497
2237
3993
2019
2240
1672
915
4946
2130
597
2804
847
1047
3539
68
2618
3383
2709
3449
467
2943
1071
2822
4749
2548
9
2559
2580
1115
2219
834
4742
4106
4617
4197
4373
3952
2633
1393
3590
4632
4570
1894
4083
528
622
902
3511
3641
4067
3216
1445
408
4723
3297
1181
2959
3718
2911
1751
1408
3503
1762
2876
2162
4267
2059
3305
3879
3488
373
4661
4301
4501
3220
240
4154
573
4725
4548
1768
4615
4978
1742
4232
2774
3764
1542
2593
1857
2885
1036
3348
206
4483
4956
1982
4095
3427
2929
2011
220
1861
3673
3249
1606
2943
4470
3631
3689
2032
3147
581
25
1268
3484
2905
4161
4434
862
73
3009
3307
2522
2588
2805
502
548
3958
1239
620
2603
3810
3793
953
4517
3210
2058
3049
226
1730
3274
781
1660
3424
1516
1837
1427
4222
82
1265
4898
4784
1182
1692
3435
4885
4698
2761
3700
1804
1694
4601
857
4761
544
1693
2627
2112
3103
30
4363
3825
338
1508
2166
3088
1316
1038
799
2105
471
2629
1055
2648
2295
2543
1738
2513
2809
4228
1291
3996
83
3793
1152
2732
1158
4138
4079
11
3353
1941
4057
4596
2596
2322
3287
3627
1997
3279
2787
2316
4379
4077
1922
1225
1562
3483
886
2071
1876
4261
1500
3231
2812
4863
1726
4084
2694
1710
3156
1651
3078
817
2671
2390
3749
149
2684
3622
3242
3353
1277
3972
3915
1548
142
1188
2286
1823
1404
1226
4326
3225
1281
4482
2070
2618
1060
350
1810
968
3053
4896
4517
4890
1766
2121
357
2668
479
1027
1055
200
1378
4806
882
4946
3324
3089
43
2445
364
4116
1251
4055
122
624
380
938
3873
3338
1119
267
2347
958
746
3441
1442
2632
4153
1921
2024
62
1568
3103
2448
2048
2104
4466
3804
296
1488
4095
3520
2074
3417
4502
122
2595
4672
1778
3041
3817
1871
3531
1000
807
3054
3750
167
3888
1819
3027
825
2482
3293
366
738
3628
2296
3575
3830
1965
1468
4854
4481
1802
187
1334
3782
2593
2206
4929
3260
3882
2611
3377
2965
211
3680
4309
2394
2294
1737
3222
2288
700
2032
3792
3498
3314
2959
1073
159
704
1797
3641
264
4825
3678
4523
437
1095
1441
165
4624
1284
1183
4375
2145
1598
3013
366
661
4714
4386
798
4050
645
4418
880
2351
250
2266
2796
327
3486
126
2204
1595
2028
4064
1254
1373
4613
3474
649
2417
3532
2253
2565
812
1075
3249
137
3464
614
787
1217
4707
1979
1124
2914
1977
2218
631
4577
1494
1734
4198
1859
4907
4119
3855
3265
2379
3145
2553
4236
3393
2828
249
4599
2338
3497
3990
4602
4595
3705
2067
1956
4505
2966
3011
1669
189
2913
326
1306
4886
2629
1378
1332
260
584
976
4896
4685
1284
4976
2826
3630
4771
1723
3718
3572
3750
3350
986
672
4024
4022
1666
3903
3092
1059
4077
1501
1551
2983
187
1963
2824
3402
2228
2095
2711
4071
2806
3026
3840
120
92
4813
2518
2083
1131
3297
4530
1056
2875
3178
4571
200
1057
550
3743
34
1722
420
4900
376
4068
3946
1118
4139
2898
1448
1510
2102
983
2270
3154
2586
472
4831
1972
3188
1255
101
4415
1371
2798
893
1888
4187
1490
1010
4210
1223
2631
4070
273
1633
259
3485
3962
291
4020
130
3050
2561
2647
3751
4158
694
3145
460
4486
2053
1552
4121
2407
3444
2118
1893
992
1039
2452
2889
1543
1269
2990
1228
2102
287
3181
4790
945
2826
2079
3704
3113
3526
270
1575
2728
3090
567
2175
3084
459
3845
2359
519
435
4226
938
2742
2936
4602
2097
2850
1830
2506
4442
4781
4191
2310
3045
2245
2431
1804
4962
2770
1448
4243
1058
1024
2299
3580
4669
2785
3891
2846
234
1505
1626
3181
823
4022
452
82
2277
2351
1447
2115
42
93
3172
2218
2376
3803
451
2107
3161
4516
4496
1388
6
1793
3441
197
3943
2056
3293
370
4741
4429
4682
4352
2704
3110
216
3035
4082
4494
236
4041
2797
402
4216
2846
3236
436
2698
4478
2206
556
741
3753
271
873
675
2611
3047
1747
4027
1518
4256
441
4256
3109
4912
2006
4598
1458
4725
3962
4091
1758
807
4434
3025
2181
3136
499
4163
1835
3709
983
2394
4306
2183
3146
157
1071
380
4803
2423
2514
4815
4087
3872
3017
1867
1567
3150
2451
4684
3879
1813
2474
4537
308
4344
1680
2842
3852
207
1611
4649
2600
834
2847
1160
35
1986
472
421
551
4870
3581
752
3794
1038
4535
1867
1550
57
4104
4499
2674
857
1539
3338
3482
2880
3577
2889
3239
1070
2041
4124
285
3247
427
2742
1982
2723
4848
2350
683
2468
2306
4985
3530
1879
3869
2840
1528
1830
4455
185
3695
3306
1123
948
1451
3522
347
1158
4755
4018
3897
2945
415
1542
2089
4994
1897
273
3657
1920
3573
3663
209
1778
1775
3613
2035
1453
4764
4565
3247
3009
2898
996
3445
2735
4749
200
3930
4457
1893
3630
2980
3194
3138
813
2164
1084
535
1150
3788
714
4588
4590
3274
635
3743
2986
3452
802
975
839
526
615
4654
4734
2755
2906
4318
4362
1868
1264
839
1737
2654
3061
3651
168
528
3148
2055
300
3342
1945
2104
4158
3207
4433
4867
2519
1052
613
2351
3167
1962
3872
3814
3452
376
3321
4843
4751
870
533
385
4260
4616
2554
1671
2197
1581
4050
167
4625
4658
2803
516
3186
2905
3922
753
2543
2678
201
4527
3815
3757
1143
3811
114
1822
2863
4968
4581
4959
1420
1439
2532
2367
4678
3914
4600
2780
4054
1193
3480
3812
4300
88
1066
1218
4064
2019
3613
2636
281
4766
993
4947
2075
4665
2836
2167
4968
2376
2127
2454
719
1066
2768
1483
3696
515
573
4784
4694
4247
1345
998
365
3763
1437
4616
711
4198
3577
1501
2086
1394
990
3112
4904
162
182
177
1755
2305
4030
2302
3100
247
1499
101
1868
2074
1518
108
1284
2652
4251
23
4710
2622
1789
4590
4127
402
4329
487
877
3411
4152
3044
1488
4527
1943
3139
3207
2376
2540
3571
2026
2934
1983
2983
902
3874
2754
3379
1078
521
4736
3992
1965
388
4322
1519
1575
2343
2966
2046
831
4032
4080
4583
3435
1462
3224
2102
4832
2259
3874
3775
516
232
1741
493
1921
3732
4244
4004
3792
1069
1655
20
2599
669
586
4644
3521
242
4283
4675
438
3768
936
1701
2770
2683
995
3190
3434
4333
2016
1871
1860
3363
1931
4951
4987
2529
3523
1601
4476
2984
2818
859
4893
182
4194
56
4995
623
4123
427
1788
3968
3125
211
2148
146
2606
4681
371
333
1633
2691
2824
1518
3338
4633
1569
1639
3598
1195
3667
1061
2103
336
662
4990
3194
3689
1873
1368
3156
3378
4472
2718
3577
2704
223
2234
1485
2532
2055
4361
4428
2578
708
3920
3095
4567
3317
1342
4022
1595
3243
3476
814
3496
325
2205
3173
2300
3609
2530
190
4204
1867
1278
3291
12
3659
2743
4567
2224
2777
3416
1073
3336
648
2045
2470
3874
3838
799
1712
3962
2131
2115
2022
1216
3809
1395
3153
4929
2824
3026
1301
1232
243
734
2317
4360
1813
2307
1746
561
3518
1820
1161
4717
3062
19
539
1483
175
751
565
3994
124
4150
2192
2525
98
3060
629
772
718
3853
2303
2207
3866
2009
66
1410
1626
4179
4184
4141
174
3442
4319
274
3477
3705
4977
4895
3314
1636
4170
1135
1197
340
2998
1035
3242
786
1077
1334
2272
3000
1533
376
962
400
3698
2151
3651
844
1661
3130
2573
780
984
921
1259
1701
426
1549
1400
4261
4992
620
3166
1242
757
1209
739
1010
3428
519
1373
3603
1390
2356
4967
3333
2254
53
1180
4554
2457
611
4795
4164
4758
3459
479
2779
2683
2338
4731
201
704
926
4843
3869
1748
3336
522
3198
3133
2973
2815
4158
619
1115
1053
1837
1919
2197
3373
3334
498
1478
2940
1342
974
2950
1634
4327
3374
692
1279
3484
3760
720
681
2410
784
4367
2771
4162
1367
3589
4502
4874
4464
4816
540
2235
3505
4914
557
526
2703
2129
1177
202
2568
4183
2333
3434
2314
1894
1733
1930
2495
3012
2765
1678
1291
3478
3012
2047
1897
2822
1022
1917
1958
875
1332
3579
2801
2318
4543
2769
2197
2825
865
3395
4427
2022
3084
3454
4606
2113
2173
1527
835
2944
4643
689
1232
1685
2538
3391
4504
1261
3435
4111
3623
520
604
4692
2309
3004
997
4442
839
1733
4950
3040
1662
965
3591
3149
3671
791
1599
1908
3043
2784
4878
2192
1059
3141
1150
120
2062
4499
4665
1324
2060
172
2705
1507
2793
4306
3449
4761
830
184
2048
3190
792
4323
4862
369
4325
4461
3390
4176
2254
2209
1368
2873
4550
4312
1976
736
607
3733
1185
2249
2575
2273
4345
2433
4237
2568
1729
2686
1484
4871
4729
3154
3985
1035
4062
3381
3925
3551
2711
2432
822
2123
1047
3922
10
4404
1222
1225
1302
667
3955
1750
2914
4770
1027
1247
508
370
4198
4601
4277
1892
3935
1271
83
730
4376
3189
2675
4429
3897
2034
4042
4498
3704
1963
3856
3549
4544
1054
3230
4070
1921
4349
4041
4751
3696
3652
1555
4430
3194
3607
2655
822
4284
4880
2300
1191
3053
3539
165
853
2043
3586
3459
2208
1211
4884
2049
3772
1472
390
2154
723
4657
10
3748
151
4362
522
4071
4318
1547
1522
3284
94
4749
4785
1493
1052
2350
1986
4372
1371
3720
3389
3458
420
1404
1457
381
479
2121
1998
4880
1749
4944
57
188
169
1322
4741
4402
554
4001
3846
2883
4087
232
1531
4856
1207
3593
526
1360
4290
3625
160
2847
4471
495
1209
3970
1510
4966
1859
1404
2723
463
2000
338
1524
237
3217
1153
2626
955
444
2243
2520
1482
4879
1825
3930
4028
4250
430
3099
2164
1049
302
4039
3821
2295
3695
4611
3482
4157
194
4934
2385
2792
3485
1345
4142
4006
4661
4986
247
1429
4892
1154
775
3395
109
1069
609
3204
3290
4331
347
1909
2760
4479
4585
695
3731
2536
2594
3313
356
4585
1541
4589
4586
757
3326
2006
1726
153
2677
2675
980
4774
280
1261
4557
4133
2111
321
2226
4537
4193
2530
2126
4707
4735
1499
2891
4488
2284
2198
4219
4269
1426
2825
235
3341
2697
2661
1292
2103
3073
4747
3669
1208
2200
3809
4689
3696
3329
4373
781
1983
2508
844
3906
1450
4182
3649
3928
3866
1287
4026
2278
3580
1919
164
1293
754
914
1818
2234
783
982
2300
1537
4567
4689
1579
3000
2510
1531
4646
328
4348
360
3890
4442
2026
1064
3651
1753
1595
3716
867
2866
4027
4104
3696
4727
320
3226
367
1300
2185
2523
157
2791
4933
1883
3691
2491
4624
4313
4542
3495
246
2938
2636
4641
3512
1595
114
3385
155
1598
2137
4406
215
1791
4204
4692
4321
2274
2513
3850
1136
360
2429
3976
4104
2375
1744
3221
3699
1333
3918
2495
10
3081
3500
393
4930
2321
2788
3631
283
3826
3951
1705
2635
2300
33
1763
1762
242
4681
4191
2799
400
1441
3308
2570
2111
3601
3962
259
1631
2681
3896
4425
850
4938
1820
1538
740
2612
1170
744
3715
4775
4306
4716
1522
653
2680
809
3659
2937
2992
1019
997
593
961
867
3929
412
1096
1486
3354
1866
3026
4376
1043
1423
1088
3767
2099
1033
356
3918
1324
3154
2610
1032
2871
1412
3462
229
254
907
745
4124
1509
4007
2563
3028
4558
3877
496
791
975
962
657
3966
4699
4428
1467
2820
347
4328
1895
556
4715
1186
2142
610
3322
85
55
3070
2570
4658
293
2027
2899
2311
3953
2337
3103
1391
1810
779
3370
307
1038
2902
3751
1249
921
4453
473
4310
3176
2355
3276
1428
3892
1759
4809
3799
1063
101
1653
184
1139
1162
1802
3830
936
2006
3306
2299
3203
1259
2156
3267
2670
4559
2781
1840
3990
4955
3663
2812
3147
3350
346
3533
4385
994
2450
4183
166
2604
364
4415
4779
2937
2438
3527
539
2314
1529
2100
2438
4674
