10000
58376
32925
39105
69074
26456
96845
38165
22431
4288
24268
19943
9751
50010
92543
52899
46762
58926
84148
92490
20129
58587
498
58909
85716
53849
52883
66712
60970
4527
21780
36378
11831
42218
20552
40385
778
92283
6465
58299
90906
84859
67522
66997
41411
93807
11449
28993
99924
46750
95518
39869
80809
5225
48516
32701
87979
37588
1345
24836
87506
69424
43104
71064
67940
62425
25530
77951
97045
36786
4222
74906
22866
36032
6600
19670
25610
95889
78115
85670
67367
25455
17791
95300
15266
25377
51062
40704
87331
27979
99928
60429
54714
96977
43629
78014
31505
21742
26140
1208
66657
39690
51565
52223
97451
17370
78192
5376
99168
84320
260
51905
19171
65766
20094
31568
48110
92721
66501
66927
47728
86212
45263
89137
18037
73072
3569
36945
90901
57612
33053
98431
39242
19577
34533
22519
80055
4163
2316
29805
7913
86202
60281
35921
10683
27895
93450
7019
31367
54708
71587
47980
1342
28649
69468
50552
94892
57221
77869
53506
37697
96620
80594
1469
53256
28996
64696
16917
22983
71173
5370
9216
79573
65714
96303
6930
85674
94856
10778
19271
46259
29464
35524
65669
94450
96769
50471
61346
70320
19006
77345
36698
93147
59950
50565
73796
16661
24416
8066
67592
78133
95837
44019
93295
88572
40774
81114
62809
19856
65136
28521
23788
59236
26180
81870
99403
86140
57979
26879
10547
17534
16519
93490
23442
17774
26651
45050
41920
58726
12632
50592
95686
96612
2663
83164
69002
44331
52348
79434
26460
93404
39727
75521
78519
89021
50124
90647
39389
95980
25949
46671
7376
17025
24709
46282
65505
7228
39796
89915
80215
7543
47469
91010
63349
45822
2591
92504
15321
14423
6023
90346
28360
78680
83298
91246
7089
8200
46214
48210
92513
80024
84482
92702
49403
31186
56234
82840
52180
11345
24110
62582
17478
35798
8402
77023
24745
2787
43173
58214
45964
67027
94639
87935
62888
30920
60705
79273
15660
45226
41344
8530
72941
61625
3002
85932
17517
41085
50120
1574
78773
55212
62217
90858
52210
42460
87665
50312
19308
53122
98676
35220
13097
24433
33749
97027
12108
3193
20751
56061
97355
29024
32701
21176
61634
28734
39980
58142
85677
91313
47827
82381
88768
34038
6542
24069
72655
68086
68600
5695
58434
83711
16274
41355
90019
29391
69637
53924
53915
64212
86412
69652
8444
33181
78739
26759
13038
95013
67631
72331
50301
54761
98294
22680
50661
83560
67852
89297
40533
22043
76951
8711
46041
82738
18728
99293
90974
16065
23855
59700
42026
96155
12570
40649
32962
57753
62074
46315
35060
33071
75742
46534
32305
99766
6815
25157
53012
64451
85819
21747
34581
71953
97939
29981
53769
20635
92288
96356
82820
36504
12119
12981
12906
84880
36564
48379
72390
47338
39924
59466
23234
3923
52860
33632
7482
59007
23883
77773
20989
7403
59098
78254
5855
87018
9393
90946
77516
88323
73701
57003
26418
84629
83670
97377
30548
27223
26085
67464
25559
95273
95983
76714
38844
80173
92051
92920
31825
45026
93275
71523
61505
40088
44487
759
61548
40580
74
73745
72577
20445
79563
83994
66468
66611
54170
86959
43688
35297
79191
64069
84570
15381
85706
98944
93478
59303
90077
57323
87631
69729
73057
8017
16146
66631
57940
82336
5148
64707
63917
4352
20541
88683
20310
94005
41557
43070
43927
80456
15797
83136
85213
29727
82118
20614
77367
45711
28558
32564
55355
64818
7969
62362
3554
99276
30480
90571
87379
2659
14659
91399
7841
32066
42492
91740
52116
9817
13182
15654
65387
14646
99444
88858
20536
45352
93221
53609
76271
45535
37900
71292
20199
50031
58458
68796
76067
44742
47013
18789
31484
3258
68658
40016
63972
10253
78538
19183
1422
62921
18381
4116
6628
90985
84904
31291
15932
14038
38533
74778
91308
10733
46853
15577
63618
3040
15048
41507
70564
26287
1571
83664
6249
85524
23530
39088
98505
9853
57869
10347
91755
35750
59160
9473
63180
78774
64404
28449
77286
54732
96205
24989
80386
97403
5460
32690
40134
38536
68320
20999
20018
32079
30224
49854
44641
27405
8193
13333
88143
64761
61328
73762
78573
21803
95677
96588
327
54710
42106
51198
83067
90248
46865
96189
97662
10957
89384
92539
46831
27326
24945
43953
25645
91546
84832
53432
66045
18203
95413
33862
72224
99604
37679
24244
62770
43735
69027
92600
48997
29831
35349
90177
42813
65395
98662
20435
27215
74659
50621
19828
47443
5885
18022
14840
28145
71646
52720
48815
497
59978
92978
80706
18251
45047
28200
23622
75069
55722
15400
1555
31877
13913
43908
64066
51235
64970
32510
71856
44814
53205
96450
40577
4923
96542
95096
15761
12656
45539
42113
61917
76660
48588
67246
31342
95391
98973
80835
61530
87584
51516
75220
49077
33128
16642
62215
24243
11716
20433
80136
23178
6117
21270
30681
96523
85301
68820
81735
31424
75006
61496
74406
79408
73296
30470
83757
65585
63889
10342
94547
72982
38496
76184
25150
70660
69193
64395
56667
22132
85235
38935
35506
80464
65023
65372
82770
66150
71765
36045
47533
29294
3845
49847
74224
38827
83106
94758
89624
73488
27670
28468
38324
6866
63148
25641
17841
21156
85766
5557
34836
5012
99007
17493
32774
33762
92647
7501
28122
63268
81692
21941
47705
97712
68976
45196
99427
57906
32649
18530
79860
32708
89290
56477
90779
71874
76089
73290
18893
29493
4738
95558
13775
87563
3534
22419
19441
25843
58558
48554
82106
54576
49759
44270
48462
26144
61796
40863
75278
64249
50669
47798
10825
56860
78018
32171
92338
70090
16983
34082
28619
68300
62767
45215
48226
37484
31849
72087
57806
97159
76547
84145
92538
24294
90268
47333
4957
1657
11975
56073
24514
18131
6038
4525
15920
64277
83404
8768
34210
51568
47463
18059
43967
73140
82285
29087
55297
56622
69466
67021
40436
92039
55513
48748
3196
12195
1131
99122
8463
56045
58488
29931
9908
63495
91630
64327
41929
3744
27599
4507
98717
63128
57707
7828
54727
24625
68014
36116
55029
98136
8319
75999
74792
44713
26925
85104
81916
22188
74794
44623
8530
80661
22528
92430
64786
43504
91095
92483
3076
16612
72107
98592
48035
24008
12906
17110
14670
84862
97973
64692
7428
75665
29173
22727
82192
17080
23863
58290
77118
68300
99799
27567
91060
72018
26436
22572
80864
93771
46813
9109
32224
6433
13758
30098
332
20125
32710
90341
45909
35415
38016
55715
62266
77197
63409
81976
33877
81073
61823
94883
1543
71098
77846
72452
75890
69382
78973
15500
95287
23767
35389
38692
92963
17955
69033
60513
8702
28746
87060
8849
56844
97977
23137
65152
84018
71906
95823
43704
50006
72171
71118
65193
11818
62190
6029
56022
8661
66534
18519
5818
60595
78848
20034
84246
25477
84104
75893
14260
34325
45904
92254
391
63271
98942
12853
16437
26608
75178
56464
21999
85266
22430
6840
46379
42129
50295
32748
43907
40684
79207
19091
82385
18572
31277
15008
96938
94696
5153
96232
50026
82396
32128
34363
44009
29029
54267
76715
4420
57051
96060
57340
59566
67089
32002
68539
79983
75576
54873
76342
38187
62991
62471
34977
75952
35216
72981
44963
61173
64908
81670
50250
9792
92777
2709
98881
43028
92488
41357
65013
80139
37453
22880
45917
49505
26313
78783
96578
18697
48944
98397
9763
94878
42475
91704
15263
64784
13802
72158
22833
85866
60268
17063
77089
14177
51817
84108
24598
32620
3971
68137
9851
59586
66308
7914
60716
65120
37867
34658
35400
20073
55240
60684
37632
69023
97058
99192
57707
75775
48159
83563
43871
84070
37309
79163
55152
40691
42480
68261
35749
99208
83501
60940
95813
20373
28577
88001
49648
39762
7856
30527
83352
17199
80531
40052
5206
22517
75953
18878
71137
6126
61818
24403
947
83719
83949
18716
84469
73631
63852
26431
92887
32163
94060
13168
43399
39242
55654
74215
3738
83226
27727
30150
47168
74114
37358
17446
2858
88819
32349
51188
94949
44541
85303
39021
72326
32520
66054
24405
90539
65746
84907
71690
5817
37789
3317
22679
90706
64733
91850
38834
80041
17064
69913
21945
4178
5913
64365
41407
96305
25218
85552
33713
19807
75685
75202
32362
51843
50393
29005
189
77559
91212
83672
24684
69387
48311
73538
692
11927
79938
89998
1157
19949
59544
92511
26392
99827
9112
14323
37874
15413
83393
64260
36321
43136
12999
13219
6454
68584
84126
49527
69002
88412
9638
59060
22967
3449
68810
91236
60476
46358
1685
3185
66803
55764
95173
23659
75656
49610
70691
61929
51036
69226
42997
95477
86135
31764
45398
50121
22690
22063
57589
22080
74900
5778
60203
67401
26450
80159
13185
50903
6068
53929
44812
3105
54036
51330
40433
80762
63926
4574
90944
55372
63987
21255
38778
33425
55196
38200
70408
1017
88702
69897
2250
58225
71826
92063
87603
47196
62437
28476
83482
92282
5290
6159
27800
24137
24676
4954
3070
55919
80988
31418
60767
64950
47177
42200
12074
60018
44953
84252
36764
33693
34013
28347
744
22737
43996
82063
11662
82122
40677
62289
34303
18902
86926
46104
56806
48622
17847
4124
52667
26798
98947
9974
19710
48446
7550
5585
27400
22657
41261
68614
96625
7833
98406
13957
66908
97070
86808
59814
84806
93019
18819
25635
74536
60913
66578
2106
63457
1426
27485
50032
88132
79449
25725
30716
19060
41762
18595
89664
28404
76957
11618
9196
54566
74366
21137
72811
46378
11465
54152
72103
37364
45281
4727
23601
97187
63495
26190
87828
12340
41040
37563
27786
5339
25373
46855
23560
80832
21189
23083
6421
73573
60199
8890
18083
61356
10096
20162
15465
46890
96718
72400
86299
43446
31049
30122
84407
14405
49160
42361
29913
4182
69500
1531
9827
82699
85645
78007
63563
90910
56856
46876
27295
65770
13916
24197
16388
24209
24834
3352
38052
34486
14432
90945
38353
93341
88967
24479
96737
12776
12706
79064
57639
55298
5504
11250
49440
30715
21767
56122
97826
55549
51619
44374
50326
98288
1986
40954
84886
80472
4080
25840
37091
76308
90420
47244
79857
9665
72360
97147
77314
34462
24003
66992
88579
40013
79038
24674
71268
53953
25998
36337
90399
72827
45312
68213
18642
47594
36787
12951
69483
61620
44018
96218
81239
48506
32847
55048
4082
6729
40627
85001
9761
65273
34156
51745
81807
57502
34159
82810
27650
78505
48057
44171
46729
32695
82629
58721
85205
80096
8033
32748
92237
48996
67863
47565
14773
50661
82546
3956
50730
84100
39094
44882
47891
47242
25236
4369
88436
73865
79135
83096
10777
6097
85898
63158
2019
16900
35743
98780
35683
38617
51037
82705
85564
7730
39083
22746
36511
45055
13838
2899
26157
29068
70121
29431
15714
79968
42919
32375
65361
65505
80895
81268
49161
38072
37891
50019
83157
61520
89705
18672
40001
35853
96368
19749
92578
37451
35520
39654
80473
5831
20211
29487
76479
86857
94672
29610
41547
40059
20383
56770
22809
34335
39710
94561
89918
42433
87552
81808
60547
14058
92097
25067
15617
90665
93247
38214
95636
93895
82532
95681
8991
91597
74717
84942
27520
90045
32298
56862
44826
51151
7664
4929
59997
65899
69205
66805
30412
78006
93871
47014
28350
57629
34802
84864
64377
23396
49123
86147
30463
85415
57326
37315
79201
52857
4793
78571
98990
9660
67180
97685
41110
1179
36166
28074
70982
88528
194
98370
51924
17597
93097
13464
48659
38480
88283
68760
3652
96592
9475
87285
42599
65491
48009
26856
66944
65479
47954
78760
1343
35866
64576
36064
79176
31180
96842
7652
13165
37205
21330
85650
35943
64509
44190
1465
15289
88648
99314
40981
63013
29036
58960
99912
85111
40856
90740
14810
48284
55883
92257
1807
9017
55709
49838
88494
22551
64119
3444
9295
89944
95447
13080
35435
94913
21227
39349
47994
84453
23687
28727
8210
15728
5084
29813
73459
35472
39057
19009
30182
15203
59252
18708
37195
41484
66692
58577
38756
47009
65023
73683
32721
84854
93095
62512
68587
14291
83714
26205
8932
98282
67615
64299
38252
63644
91965
96932
58504
10847
6511
12745
34920
22739
4739
85902
74469
46921
11515
57103
56229
29777
43811
93911
642
62200
13988
90734
68059
78662
75447
82647
8910
43672
46056
26849
45398
435
52786
63019
23270
82621
92935
73000
14078
65863
75448
5627
24296
8773
9742
43977
77030
77421
58083
22417
29342
44795
69578
14599
55446
39426
61800
55142
83801
1022
59179
50178
92701
12244
34910
95173
2700
49095
19772
64687
12243
75906
85385
26798
39485
86890
61816
47124
53987
24049
93681
26072
81867
4107
34708
51532
84939
65250
50813
46025
75209
2147
34221
12678
36099
24590
15408
63168
88833
50405
50279
34572
44427
94535
54807
56759
93008
50605
16467
51801
58854
29079
71392
40330
92241
35811
31578
90511
51489
4323
59662
85587
32323
61840
27183
81723
51052
60849
94580
60582
72023
30759
88575
87264
51024
32558
15822
63429
91206
46698
48657
20550
32415
1752
4601
18924
70985
34019
6323
25943
26389
29101
77211
88688
82822
95104
80507
2005
44086
68940
45454
76423
70911
29154
53406
70581
2695
71491
34823
78327
27336
95334
10106
13803
42290
80500
11823
91589
41029
80164
49984
91270
30473
31813
54176
17157
97046
16597
87186
67599
65345
25907
40303
78522
14694
38080
76709
51249
14411
9282
2146
6625
39593
21942
59177
86602
10283
55202
95458
94160
3599
83941
94419
10998
51987
15104
22451
15463
25394
52755
44320
56991
85240
71107
11673
25518
78004
15596
65117
36516
35296
22350
71068
39576
61602
17806
51213
26526
20631
71087
12714
91643
37144
57388
64918
73703
5657
28632
90125
90556
39744
63536
60811
30611
44665
48844
61402
42252
91068
39664
6563
22173
79227
37361
22832
26064
21921
99545
56333
24750
2389
62198
25481
25744
47713
55669
59661
54699
3661
35281
45530
39211
32961
28678
44836
6278
70862
7880
40476
1246
15931
48111
55834
66847
11678
13686
33170
96012
4514
61296
89169
6416
27151
1739
93574
82204
17925
7361
26453
41596
73038
69839
41818
94507
55233
90596
57923
85345
3388
35129
75818
27240
45135
66786
25420
1372
39614
9931
88579
71127
24908
7073
76625
38556
94048
40290
90638
44584
32269
38838
654
50080
63220
16106
59661
95259
22869
1402
2231
69107
40241
22972
21895
77735
1086
91098
63366
55190
49335
95798
8775
84130
74331
75358
57488
71972
21114
55361
6630
94790
6823
59171
34856
11500
43014
62364
9130
70501
52962
58846
93138
74144
78986
93853
15328
44829
90135
70785
57242
51861
56081
53378
30391
53438
69324
90376
48092
18489
23974
82721
4885
63257
55233
3787
42078
29763
87882
52850
55205
81915
57647
4605
1028
81356
28448
13107
78283
73131
37576
89325
8488
20775
42149
62830
50387
6477
91594
67505
2131
46268
3982
55956
21368
38787
75000
21550
72512
54895
2045
67962
70995
47603
24644
42932
52206
97999
52364
63238
33207
40425
20202
15403
96310
45742
28792
82817
61080
121
877
93617
69635
31583
45037
65895
2877
37996
14364
12105
14696
78552
77156
99164
10316
60836
11728
62691
28275
52406
69450
10051
14776
55321
58955
91265
25398
4181
57649
66564
15757
9512
8662
99620
91166
62516
99344
71289
61379
63935
59276
38546
19320
95538
11712
4227
13553
22734
83416
74914
62153
46844
46471
51183
96977
81917
2947
47977
34171
11560
87014
90640
84670
46982
83353
42585
91254
75244
70010
60807
79663
28258
97862
17018
40555
48815
91734
38211
37816
2906
20434
87335
87954
83398
71200
70277
70788
98779
17787
23480
97181
3718
9812
39986
20543
10109
91403
6668
37379
19241
99383
78884
24217
39331
99401
33736
52314
6363
52220
67810
69511
87471
40039
48812
29135
75369
63669
22133
40332
72427
4401
74528
59420
96859
56660
6076
26943
41711
23327
60644
14190
33005
14001
46425
27286
14230
40864
27408
52676
81359
31961
18662
19354
61151
17721
1159
25851
5482
92236
45062
23610
67553
53508
88392
125
30865
48408
65755
34003
51449
18927
20192
70968
81745
1551
90098
73845
970
22891
39291
69896
15039
38332
80652
95125
92549
29246
79355
92367
3637
54334
98683
58
1272
10100
9630
78839
58045
23599
11289
69374
79621
13308
80148
99196
27619
26503
6911
71075
63594
89988
37813
42592
29616
46865
28494
21520
74673
29159
19353
31598
73399
8088
58163
43945
62801
85868
71916
4834
53340
33010
18731
74160
75215
43255
73114
27868
12515
35856
89232
65352
17182
84813
58753
45269
76743
62598
94391
28714
98481
9400
51148
32137
69659
94221
53576
4199
85991
17097
98348
65336
5806
80682
50962
64596
3142
14810
78813
28767
42066
52414
7569
41986
25115
69105
84464
59543
95589
95918
57247
7688
24648
37466
52462
31122
4402
10081
71524
44253
10301
41790
86559
5689
25215
91485
99137
9176
56507
30801
69541
12268
32830
59384
96254
11822
83616
5563
8085
51449
62436
43400
69532
81652
43863
10231
44968
63434
76639
25794
10386
75884
53794
38671
48973
8608
64741
96734
89649
26194
97989
84586
70849
93218
21612
86845
47378
38971
10001
70698
6289
98540
32092
95844
31477
33036
66329
61255
5885
11268
96217
58582
61706
60092
22169
97135
7467
29914
34148
6540
22962
31436
97904
99842
55579
37779
77019
98235
91922
91627
93977
21367
68096
46588
86627
34223
74934
55734
62392
59581
56206
75947
35526
25118
69468
71361
23346
45630
88376
18933
10696
31781
53967
21594
14463
4837
91924
6985
56442
8222
51574
74797
34326
97204
20044
4378
58277
44889
16860
81921
48290
35322
95666
45696
47242
44017
79030
52204
13601
83926
42982
73927
36498
1585
62790
44928
98191
76602
54051
93682
29372
28858
81573
4545
1026
9349
40086
53568
34605
66412
44637
74394
81557
22543
32952
98112
90601
16963
57084
49785
47594
961
76629
85137
91932
53074
85835
55893
54770
76598
36676
32676
46527
18127
37881
5900
28973
70393
92931
56743
2536
87564
58399
52366
28549
8168
50455
88420
99619
76826
91020
15430
60554
15345
65442
76524
48481
15838
24209
53906
11980
20021
15701
67060
34575
92520
16240
36689
96970
34055
52983
83886
903
40234
14900
74136
29431
78627
90256
92905
74927
27791
90713
17786
78780
28554
16779
75671
83944
8780
9500
24040
65633
63807
96522
55849
68164
39651
37308
90286
66373
2570
66018
85740
76285
78304
22607
3985
954
1016
48435
5432
96717
1893
64018
84023
25545
40291
14215
39478
14878
47477
38676
47012
84621
6105
47420
43309
20164
59916
42982
29366
72978
70831
98257
50943
61722
1630
63368
73617
77090
14025
87521
25998
82461
70358
19473
23830
14763
15423
46118
33162
14329
61398
4203
69950
50565
74427
93096
31427
11139
25012
57244
52437
14635
73584
18957
73509
33706
20568
39827
19706
69090
25432
46467
77076
53196
24000
3204
83238
76633
22054
85276
10314
98780
83461
8832
39976
47699
47528
67884
5379
21600
40541
2476
49694
31793
97928
29933
53107
92382
44681
41533
95079
33764
79871
76595
4350
33523
78668
89642
3127
43997
50507
78216
16164
99224
83296
16143
67817
96787
3160
21448
11055
81106
71832
83647
89924
51702
39162
92665
85713
46155
46332
19968
26717
50062
67426
44556
13059
48157
65955
81057
56645
62074
85368
64058
94431
71339
88243
68435
60499
92240
94689
18768
98086
5215
8828
5346
80358
65351
64796
81105
95688
97963
58123
16123
70225
19922
40215
7164
28519
48397
3979
14683
8131
15533
87932
88222
66046
31260
95988
99462
64211
85343
13492
87141
54812
87138
91759
20553
69674
66915
23109
75989
20772
87323
46705
5117
87262
62138
65656
87563
2810
95327
71765
70332
56246
77756
69364
11168
43614
54937
14399
3429
82362
92138
39044
17485
18984
90377
68324
19678
7118
86910
66630
24553
72948
99682
83045
53166
69419
88606
40295
31690
77790
85579
82697
23446
11089
71684
9444
8890
8284
24382
83415
53063
40238
18939
6915
99504
32670
33022
38134
45711
67545
96918
84233
56459
59843
24761
30975
39556
36820
38334
89648
66137
41921
22396
50053
41103
87104
80114
42949
72726
84648
95572
57881
83005
56766
19258
28459
91371
11761
36077
27820
50161
77374
40692
84049
2111
47650
38687
35252
65585
78040
68139
48065
58725
56718
38035
88478
61004
99509
29732
80273
65404
513
24093
59181
89130
77983
47329
29912
50992
92887
27000
58043
33802
97844
49954
61296
72947
26203
78503
59879
11852
12283
97467
96761
77124
34742
43015
67169
42361
57004
23434
11444
90466
64425
57457
76293
18257
88546
34688
36207
53279
74437
13418
84388
28678
75151
46405
50165
49693
21401
33647
3629
78024
86876
27011
33460
16771
55864
23155
22494
76722
39220
77390
19789
52037
65381
9525
74991
90777
67519
79820
99915
37104
18576
8846
55676
42902
96477
54393
69325
23636
64778
27116
66489
69187
18714
90953
64250
62815
58708
15368
66989
53578
40949
83765
76340
70873
2442
69758
24616
93682
65065
79499
32585
77295
56422
99200
3837
23456
67903
3300
79440
50104
79810
81419
76038
77413
59496
91935
2464
83693
20817
43105
62820
18704
67094
31209
64628
89879
15063
55489
96141
96707
40964
45092
87818
85697
24469
41844
89537
31838
43050
1438
33851
14223
31915
22596
22323
83132
84557
34134
89103
67716
35153
15339
76557
49685
38843
54340
32275
52002
4123
42366
37845
41996
54571
94027
87548
71957
19747
50783
73575
50855
78917
18450
32289
76679
7215
26807
28315
4720
3838
49527
9407
59201
23316
30074
43680
91008
84269
27185
94578
12349
94650
1098
73341
29003
53540
92409
1624
44125
9770
28002
26
53390
79269
61479
13180
67974
3678
73173
2021
22189
91740
72412
13981
75372
15897
93393
45937
70984
35046
2696
60109
65557
14469
40664
24481
60769
63257
37362
33867
33422
10555
69300
68867
67635
58546
3041
36258
28749
39037
99375
49763
60961
23986
26565
16376
89436
65968
94634
64003
18684
57996
22973
20946
18098
48302
32358
37762
68991
64031
86314
87152
5985
40012
48389
41871
7078
16036
24702
30112
5132
86550
19722
98240
35979
24357
33889
42907
25746
8489
83192
35239
49854
31882
41452
12147
87864
32265
35666
49796
7560
77760
75036
97599
52015
87023
10580
62559
54624
31797
91819
68100
41690
67078
19530
29834
89085
89042
1796
33381
71346
33692
32102
23371
86164
25041
51599
48353
62862
20578
12103
60984
2941
74236
2297
2020
24155
13444
9217
43074
88880
57285
62080
82456
12786
9795
5996
57456
6360
38203
60381
30469
29561
93333
35575
94129
90848
65716
53954
40781
21176
47689
94420
91050
62374
76296
86700
87707
22843
44444
10756
65291
41311
34563
75247
34301
88249
80886
74985
71868
71462
9767
48485
2210
63764
97546
58887
67752
76249
33620
35996
69346
73600
4573
425
42410
99220
41755
4745
91043
27810
33176
7868
20541
86924
47093
77317
1258
9900
6849
73836
3639
52942
76192
48208
31144
98210
65466
78364
16223
20932
13951
91982
63326
87785
11454
52434
79815
21113
52683
13854
6979
84679
57162
37299
91952
82699
62920
51838
57552
40444
81521
6039
64309
33270
83520
14801
48643
89506
58209
75139
58218
46654
61973
91741
66334
51817
57795
34738
29199
84669
57346
23569
34031
82202
52236
39736
2850
69221
38006
45243
20733
79105
12666
40726
67335
97874
82974
10623
75922
68283
85131
60043
87072
27415
37354
40633
62197
49515
23382
62895
96309
78152
30760
52081
97117
34910
10799
12775
19314
48907
32125
71873
58131
35908
68473
78209
44363
84929
55533
53077
85142
22954
35587
87737
30728
89600
61333
6643
39069
81883
36077
28698
95743
57769
53709
14650
6825
59424
52753
60939
12112
85940
18559
56061
10250
14751
1485
27556
87785
86113
36549
96220
68703
65404
62502
41721
73552
22672
97379
93707
62793
26692
19396
49523
98530
15692
39217
73678
53420
31237
7213
33856
64943
55105
3939
36865
6994
76405
47408
50723
63233
6518
46517
28737
20435
30330
91195
11541
49421
29729
80060
38281
94949
75611
27438
29686
34917
47724
70208
69162
69996
50345
30336
29294
26451
60578
98821
50021
8655
46000
60068
5097
9445
92958
73476
847
91512
5014
65644
66200
39719
4373
36351
71220
93380
85854
54169
89566
16849
87144
75828
65914
96396
42156
89407
7095
98798
98072
29276
79771
84529
26397
87978
39187
86316
13112
9803
43318
71512
55991
65292
66982
6004
16671
58623
97824
35555
72776
27558
16613
22402
17827
90817
48779
43067
94755
15522
47690
51475
69921
47410
84521
13550
13429
31780
68898
84646
52671
63518
76278
8282
4248
43666
53953
55436
60956
71247
70058
18839
44422
8159
9759
48405
12433
60819
67912
50504
95960
11804
92104
38969
36680
62337
56283
75568
18678
15492
44572
30007
59775
12313
74604
1550
51748
27339
10869
7058
79359
99900
90430
951
97506
23277
45997
32015
88270
70162
62444
71130
74887
46001
1676
46836
73728
55129
61497
15815
23792
81305
67296
75998
46653
10417
66011
16171
87802
26302
70776
18380
33841
6238
46668
2966
23749
68319
56835
65556
47353
32644
53302
30849
37177
34395
90776
38505
20351
11114
52464
65347
36132
90132
60355
67520
54584
5224
68791
30658
17881
76253
26509
23810
2437
72264
78100
72008
21175
36192
54117
9115
87400
59826
71174
9810
41033
51967
75081
17966
16154
25469
47004
88062
73533
54308
89200
2087
19372
24414
22265
47275
28130
10119
26041
47063
21387
48352
90764
31506
85580
62140
78168
55198
54516
57465
1057
93712
15280
78937
28715
44378
56291
3489
63189
51812
68441
9996
80738
63053
84943
19710
10187
91118
44024
48484
66608
79135
60129
96821
61277
2214
96704
58169
45505
25438
29620
75743
15666
1353
64190
92160
30424
18774
52013
5708
88120
15808
66590
55157
95558
5378
5423
24973
24284
479
44812
5567
7109
22703
73266
30417
85640
17579
54573
22178
75119
15009
96962
91233
29343
96628
44657
96
34605
50924
34614
11705
88702
73630
73495
49860
7564
83427
37336
47998
84326
72240
76993
19959
67599
5780
16532
21702
37531
19771
62146
43087
69922
45616
59308
81276
60394
89285
37000
96789
65204
2851
64498
7550
42188
6181
84412
34681
62115
71674
91237
14418
35459
28937
68629
40211
83789
34005
64605
20480
98400
92999
30517
43602
11976
81055
83383
70588
20231
43685
4025
1416
75622
45793
94693
22840
76267
98244
98159
72125
96964
3949
81978
79848
70571
11104
55898
12477
21866
43343
7318
8801
36602
14718
47543
49538
22396
70926
87971
16290
2388
98535
57023
23176
56057
7242
75678
95738
70107
42595
30269
45
41765
91087
85896
50873
40396
76578
53829
24628
32778
35360
60596
16469
38786
22871
41382
47093
31975
90758
93305
89827
74019
19416
52894
22016
66532
66155
31219
33659
42567
62470
85415
30560
82913
27167
12509
906
63430
43170
57636
57169
25650
38563
77414
46807
54858
84890
53484
40920
64125
20741
28038
97828
84943
87107
8167
20429
6619
72236
41543
61242
9847
42943
62703
20336
36949
66346
77422
46623
81662
52075
35100
86825
45199
98632
30096
10287
26310
66758
39336
76495
19267
68878
57062
89318
22858
6306
28597
57715
36437
51122
29176
48680
74859
85875
40135
66730
72050
53561
99380
44701
82073
12377
57065
68814
43921
97680
91057
49261
46250
26308
59248
6726
43120
42203
78072
19309
20072
93672
61982
20409
40543
72931
59236
55307
86894
4530
29537
49689
3403
93875
26943
89610
98480
95490
91530
13141
68910
99815
65714
49045
6549
88028
92810
33997
60017
97536
64372
19889
54358
81921
25180
38706
45280
5739
2629
11756
96612
81848
29339
99239
67452
10091
35686
90041
17238
25034
65939
24929
23319
67816
51201
12530
71292
19825
43983
52049
90060
90664
13079
66714
43641
18006
49009
98897
20031
99406
69935
83549
71930
44855
17132
72686
44644
19772
62075
91639
46650
65519
52091
70255
28858
28511
70346
38246
36465
23962
66902
98105
69812
94055
60741
29811
35635
97561
45759
37386
87626
64627
68112
94106
88208
92621
65908
26088
21402
26889
32501
22300
76028
69200
4892
14787
53309
43608
8987
78304
31708
89683
70788
81636
571
66049
95007
22363
52109
35139
422
83014
60391
22271
24279
36340
86384
48485
86537
32167
91291
17184
25947
71100
96399
83271
16709
32791
76850
34638
13451
38933
16592
95933
63423
66205
97283
45512
99122
43920
49421
75566
46477
15673
38666
60802
20941
6306
16962
90916
27269
32502
33871
25543
59425
98398
46779
97367
76333
89321
52436
73000
55080
29738
64547
95954
56335
35130
61546
78852
97409
33385
47855
4570
80898
60056
45346
29018
17496
72004
20435
10500
59922
66296
28446
78371
63142
97281
18306
25708
55063
82989
25594
77660
22991
57382
57207
48190
86692
64442
72439
44343
25426
36179
77231
15422
98360
72243
11559
62778
99144
9739
98444
58826
56389
38147
22471
47008
69800
37067
13582
22506
33832
55443
62334
32240
21059
63532
32943
10184
78694
552
86215
80397
94031
61536
48653
5085
65198
15580
94014
74467
80414
20636
82964
52429
31
35294
23673
97771
58267
12123
56503
57021
74752
25758
12660
59193
54608
62856
63996
58606
86469
9845
68476
66629
85250
93066
17726
37120
2646
28405
44038
56901
24867
72282
54872
60451
12711
14195
90755
72091
26274
35489
50102
72225
60418
27808
87417
5492
73161
53819
92791
16452
14603
47796
95336
86714
85644
3641
28550
70372
37455
32505
16739
53722
1443
25447
98121
46153
58026
95399
5896
97627
52514
27211
83751
80085
60409
18396
15394
42789
57941
81441
70959
66940
77787
27172
76849
28084
27433
51170
43388
89836
98737
64101
97232
11806
89710
14425
12699
91800
22392
79681
89196
72545
32897
91655
25511
81930
15845
32110
15315
35752
69055
6052
83701
43934
80698
674
46423
58765
28307
13053
91426
33094
70798
35092
2283
83671
15157
42718
95441
94432
95868
20017
15704
62490
97125
39161
59059
41212
32321
5711
71946
68317
10567
51617
54590
12529
29927
66410
21352
82431
54775
36373
49085
12582
67639
60560
4908
83600
62533
52764
52971
58940
21134
83310
8812
97731
20977
12056
35617
21574
86034
96438
29662
71902
74897
65633
66561
49949
36475
67285
37745
71284
76716
42579
48563
22845
2107
56973
18657
55137
98774
82733
61518
99034
10593
81090
24550
34989
71906
92251
35020
72674
87835
34213
68550
33261
30303
70081
56222
36319
22136
91274
99823
84392
41233
24224
33253
56008
73884
80845
58992
57708
8937
74712
71857
60667
19909
74464
4302
3612
48142
25592
92762
12453
9676
51063
8071
5507
34480
97169
7732
77012
14794
89244
32293
8931
2308
28661
51713
50779
71797
55719
87364
89346
72963
96162
89624
43830
54479
37586
39620
22672
61548
53248
67810
83261
11421
81543
70151
30771
542
77645
3639
24566
70585
95966
39099
94232
9434
41896
61238
31998
62077
27292
46991
58900
89797
31246
79974
92876
41784
39097
29906
21472
3279
42461
41273
9333
67291
17924
49056
3927
13164
47424
22078
90048
76105
41287
21834
9812
40515
78374
99000
50786
77101
29805
65493
8442
16881
69613
19082
67886
59537
5828
79935
62317
64701
1575
52962
29191
29365
46848
71183
19990
24215
58279
58826
23767
7627
23138
52265
63177
39539
19684
58764
17235
49164
63285
29019
74293
62055
34400
50616
96987
76184
80932
30247
95533
5484
5939
75637
81030
20469
68899
42178
84475
65681
1269
9510
84639
12823
12212
61459
77026
92031
89040
51288
97963
8303
65751
88852
92776
83597
72764
2409
52896
26659
2712
84436
66559
51071
15961
56781
63267
3097
78283
33131
15943
31276
67319
23081
29786
51711
35037
13630
88519
47637
49065
52083
30501
4550
30542
75049
11915
23929
83726
9197
19419
98897
3561
72674
28054
93968
62619
3396
24714
45092
87933
44236
96014
19251
10778
83606
52209
9975
47161
75129
67979
22710
33349
40357
16262
73103
22968
74926
19492
20975
74171
32861
62582
58167
37036
56090
60755
87837
11663
45243
21370
8343
19770
59106
99604
33622
57028
53864
29302
9338
69641
44458
94711
36171
29329
62469
98678
29653
88192
47881
14375
28188
50455
84935
9274
27749
98590
29199
70290
20679
80329
62469
4669
65938
45886
71103
7277
57382
41384
10866
28249
81152
26971
67694
28687
17037
89512
63905
78589
26460
73089
24063
23033
45996
33209
59572
59899
66275
34685
47402
42206
10167
28835
13307
66200
23967
63638
38539
96498
37325
91510
70969
94229
66986
13786
14610
62680
12723
73500
67831
4460
56205
53706
40275
53851
54117
98224
935
54251
21321
80292
30923
2467
82879
23317
55187
26964
14508
82707
32115
42097
83642
22277
21962
68531
55648
4593
55924
91356
54656
66212
35393
75983
63089
91279
30694
63037
30145
35799
20759
32723
69998
58765
15950
2931
75875
2848
88100
36094
78830
52618
83661
79373
42942
89012
32597
84543
25821
42782
13664
19042
83681
68846
33859
60552
54841
54950
66545
18347
56887
44390
61593
38013
181
4537
55410
4301
34027
32355
9048
29139
15389
20263
4314
32509
24765
81168
63830
43384
20832
80940
16218
50027
89076
46002
90673
58574
63261
85637
4725
63179
12117
40494
21162
38511
45914
84919
87990
41964
23171
72793
92817
11422
94467
10561
8948
74848
69710
29203
51960
53486
14058
36463
11705
47684
71706
52387
83037
51529
44291
57000
38434
54287
37230
61889
96446
64869
68712
33164
38640
36509
19117
448
80998
27453
81356
4749
21784
66986
30678
22852
79216
78269
76455
27094
40834
33266
34495
23905
25278
33805
29766
35553
18579
67786
62410
60912
75222
52839
3987
38585
46433
16105
85051
88160
16117
14306
1043
51219
75511
34418
50740
49265
7996
47115
41431
57737
46138
25069
78178
11786
3003
46965
34987
18822
40219
72208
97302
86757
30028
21398
91531
24029
48817
4762
79861
85927
65809
82079
64173
30081
83468
55201
8690
97652
85527
60730
59238
25190
70761
55791
92410
22706
36727
44396
5007
20709
11070
86541
77293
72996
16428
43263
63218
56388
44041
10155
42355
80676
92400
37297
71106
33903
71591
60669
45224
78136
75232
78020
97637
61508
60339
32678
23453
35128
23161
76858
44382
12943
96040
71000
66328
82855
30996
75614
50030
88452
97505
37006
63295
70283
51040
54781
21042
93274
55302
3098
85817
64836
27687
3943
70885
5635
52412
61854
75527
91130
38731
77136
38586
12638
15530
13764
73680
72195
82242
14763
16318
39026
68228
2960
82313
72373
96059
73602
51944
34598
90845
33898
29449
30838
11454
13944
73508
78310
74104
59283
39921
21142
30165
69914
22330
7783
37735
3487
43167
76418
54485
11669
89505
38639
23980
56045
19303
80467
53892
11310
8742
34869
89785
24120
43602
14908
55080
12210
21603
43685
44827
35956
78438
47503
3980
5082
33801
90504
35455
12275
46727
59509
15361
26745
38620
63557
7491
27413
13282
27451
79066
6852
64700
28427
382
31189
28512
22695
96909
84475
5967
73181
24526
8352
37292
59821
6113
46517
19966
72264
84106
98973
645
37148
49321
87625
56706
34623
13127
21749
75124
24428
27101
69829
83611
21868
95593
64605
23736
61347
87783
88080
99567
20632
21034
4542
77401
9818
93042
13559
45091
77995
12107
39623
35040
91218
3324
49110
81900
42623
29482
95961
72640
46489
74693
67832
91422
44305
46539
62546
35081
21939
22529
93619
69630
48883
82281
70475
49989
60978
64566
59369
17434
4122
2135
94741
30656
81562
56236
66510
44430
23310
42183
95047
11933
48669
52888
99800
85547
6350
94341
76706
85199
82403
47223
91143
81979
53336
82273
3364
23770
90731
33864
52173
57266
467
91575
55987
6448
51628
95847
38429
34507
30490
85002
47814
78470
8443
87790
29097
75798
69931
33868
69982
34333
81832
34245
88622
90211
67864
3993
6004
19764
5263
5196
40371
37596
85762
95574
61472
3952
32388
55584
4350
40631
98117
87543
86427
44735
98040
89517
8761
27173
92785
14768
87624
86100
59600
11583
64540
73498
23849
38814
84094
8825
4491
81486
96659
32805
34684
54987
17423
99530
87509
34073
75862
57183
99927
84205
49978
42996
48289
2162
18127
39788
58779
73029
88704
26465
41423
62117
16166
11371
53308
90048
4595
62251
97766
6964
31838
70376
5171
62839
34161
99655
9168
97801
62895
34205
30844
14045
29764
45515
61710
63586
20164
81067
31485
72938
16412
40970
34907
36809
83885
92760
42597
68765
10218
39723
34010
13773
82864
28413
5531
68908
59589
18701
17577
46919
70962
26954
76271
98747
38403
51355
65624
33030
90932
46600
5699
76968
56805
30202
45476
54322
81337
90678
48050
36684
24277
87113
95849
96352
27717
22909
84619
18477
70669
94220
18091
81247
61999
37157
14291
20733
9860
80607
69000
99989
60617
5345
73088
37625
78091
29130
24839
5185
19664
45915
62581
19235
94406
33926
84887
79770
104
8615
63839
23356
14810
52652
11057
56310
80786
94129
12322
27318
49999
59715
80564
623
27434
49882
89057
24203
55193
38260
77218
57040
62034
14350
64016
1249
75748
82657
71066
7071
32239
4952
91996
68000
83634
48643
30689
45276
894
63422
28306
81058
59317
96762
70049
71001
5484
2331
66006
5029
23175
71895
45260
95234
95816
78957
1213
81969
26599
31689
68751
5231
98838
63205
66533
31287
91860
6291
22884
8818
64736
54008
68958
45305
93064
13721
46423
80030
13672
73986
94104
87546
94626
83625
26924
50757
71398
99015
24617
37758
78499
21210
9852
8282
55061
53246
4194
27395
95094
61691
56023
99592
86987
15276
55332
29208
72317
12877
11834
6385
87584
51905
47706
17438
90381
25969
24855
49887
27792
65431
53531
7790
72779
41596
97172
32536
68460
30696
24300
21345
8579
52632
36149
3645
53502
30320
15523
27335
40860
85295
92954
33273
13301
88351
59554
90015
48763
60762
40607
21833
40660
42900
91574
82796
95550
39475
10725
85144
53649
56449
22316
29080
65667
73848
27294
73289
83556
12721
21654
22902
88764
35342
74145
30663
22732
85287
74925
81423
86738
13492
68232
41042
70810
10716
77215
40542
29917
36681
5152
1787
4382
8113
36412
59164
91011
46612
59151
4693
41365
77593
14243
98095
62253
25904
40180
82860
46759
78144
41549
81001
30943
42261
99152
52698
18281
55335
99346
76554
40205
59691
31810
66617
67121
13131
11732
4343
8789
69854
87574
68033
97232
89391
79159
58874
48406
1668
1310
30622
53371
93193
49486
65389
44698
46108
67674
30704
83070
68702
75959
45666
40187
68181
73149
49963
37541
2306
45230
81608
37428
85982
86861
78966
46538
718
23611
96642
32259
39160
76402
32699
37111
10185
30243
1392
46061
26513
49539
32087
93978
98317
66663
74731
82052
28987
74019
89084
1691
73225
75641
22129
39798
82166
45684
79891
3339
41320
25361
14392
20587
21927
94014
13585
88197
84677
69908
97636
93806
90668
81063
72777
49829
98374
27932
23413
64018
10220
2876
87033
7572
94104
9364
84271
85770
29024
62494
47236
55755
66931
47033
86978
53834
9122
54
6338
88554
5783
48455
13741
26200
1195
91825
72120
60511
64991
72009
44854
3087
15638
29863
14817
97630
92377
24051
20100
1140
50015
59261
17249
40332
93805
50961
31072
82133
23053
80896
96948
23709
83654
14621
48668
62380
88748
63687
75961
87405
71250
19581
60025
31187
72290
99126
15670
1836
3773
25681
53980
83524
80745
51116
69042
5186
69132
80543
7495
64557
5844
41861
88681
15973
88218
96945
22568
20161
87478
32482
59156
97397
27666
32305
83337
80659
26971
7686
97277
1160
64010
78297
69990
7329
70832
564
65871
93353
40842
86328
23088
95365
44016
78013
18673
62354
51871
57569
69971
6596
79136
56007
55756
96174
87378
62748
89379
6186
58344
81424
71705
97860
90351
88264
23859
20778
99959
94736
63977
77139
94780
88838
57559
22792
38852
42794
73616
37491
31797
8660
37445
80377
63656
63121
63456
88363
33752
33513
22412
26639
37453
35621
78630
88027
11695
16307
75723
48261
70834
7951
97843
48417
4401
73477
37922
89159
96672
63900
21741
52079
67968
1012
93038
80200
65877
54439
6582
58261
51096
82848
35185
41099
42302
26081
46886
60611
4990
36696
76251
29790
9613
9297
68427
19152
31032
98178
74354
90951
11135
14635
3051
82199
82844
88108
89874
83835
21073
26663
83825
76625
80333
55970
34481
69672
95116
7786
46432
56856
34440
89713
87009
15251
2782
4631
50692
26694
77832
86983
94074
59353
99143
75577
6352
52945
13928
39497
32649
53410
92875
76520
91626
30739
67765
45722
7385
61673
46100
72404
42282
81883
98054
48996
95473
45084
77584
91809
81049
78788
53975
19958
83041
96803
10863
43672
43349
64279
79128
41543
72665
67605
97868
22409
96768
58189
81521
33218
2494
54852
25702
19118
60068
22754
232
66146
59166
59879
98567
5655
20848
69477
12677
73622
31105
97700
69260
31991
69938
45492
34007
25705
34632
20259
95704
11964
29890
74631
86992
16613
14702
34998
17608
58068
27313
13935
58727
73853
88220
31229
28130
43508
57849
93388
59458
40860
31213
81833
66025
3504
9547
90653
78428
64131
85536
90952
29392
7700
66124
46693
28929
8210
92997
85484
40794
48557
73195
60776
1702
69885
41215
25318
28771
48354
15673
65891
88833
8347
39250
31011
21247
53523
13566
9206
51350
45560
88275
46595
16148
19917
48572
33030
58382
17456
29132
33257
28360
65030
75259
41120
24559
40655
95179
55512
96592
39422
63764
38178
12676
4252
27590
48200
58638
95201
96233
77438
34049
54544
81685
50790
78206
66311
92945
73244
82494
9897
54600
96611
44055
8381
3573
17369
71572
4824
362
65706
1875
55156
59667
36514
62581
1465
36507
70244
2719
10457
61854
75108
11267
18879
98853
32113
86685
52652
32246
60430
25961
92061
93705
33266
33151
52040
14853
79316
86601
86057
5999
20915
59133
64682
71563
45338
62901
96257
27768
67701
12893
55030
92465
85437
37010
73217
83923
68233
28781
73023
8364
70078
20273
60345
18446
42412
42345
14841
41638
92689
23006
90220
8165
91264
32729
54909
85156
11464
71969
41306
34815
66790
4587
22727
84198
46575
29709
16654
61944
18502
88677
95220
137
56885
54005
58674
62059
91545
63929
40289
63302
94523
64048
9395
61769
64335
62060
9722
98835
72347
14575
96100
39045
59598
36291
92494
76923
84762
99024
18463
66243
15275
50228
59193
63941
40886
28398
70845
87405
57544
22675
92265
29399
77269
99070
80700
2189
68249
34840
90606
51454
74257
91315
93297
7619
45844
99306
28934
68104
36954
86867
90206
41654
6174
69853
46048
46572
31130
73693
84318
46726
40502
12986
90182
4544
77358
22885
89335
10404
15129
934
5003
46948
60368
13477
18014
20118
45100
88354
62735
82636
84264
97690
41824
95083
94
99724
8873
20128
46558
90679
872
54748
69974
28170
66263
36441
30171
28855
15323
91002
34215
32759
61116
65664
91243
12650
19087
78787
36384
26436
80218
84457
12150
33194
29938
3981
67483
67438
53846
24749
81515
38368
15930
97747
98104
60912
82482
47476
6859
52583
13690
69554
87896
23309
78292
61346
83797
91679
65468
77434
52214
21891
24121
77090
22137
24867
96421
55700
64741
29451
93380
42329
48385
5635
29255
48749
81742
71630
43776
69355
77438
34472
90067
95788
77245
74699
39635
55263
18419
60134
28849
23218
59563
88091
76084
24216
53791
88329
72372
83410
32984
13362
25116
60172
74938
68963
67305
33477
85146
45193
35366
96918
60673
43066
51924
23866
79122
52947
87929
19727
79558
52353
77443
27517
40355
84433
26139
81172
91865
63072
51898
96314
66166
81204
79455
11605
53764
23411
82167
5480
85729
12970
46421
82712
84756
46424
34894
69812
96972
90513
70824
66741
18288
2169
88917
90271
43015
68665
61294
42979
30565
1087
55272
50118
14591
37945
17316
50753
28722
78002
70547
85705
8656
33212
11693
70774
85461
62020
48423
75466
7588
81617
80468
99158
37322
53485
67981
47475
82230
86354
38632
76941
65075
76462
93649
13881
68285
3745
73102
9637
59538
43331
63076
18171
3281
62454
65520
42040
89202
68060
73304
19462
84468
70326
54297
10480
4046
51815
97061
27871
39698
15799
98039
99075
64707
73837
15981
38279
68453
20233
73785
76625
61109
18975
24746
1655
28554
24359
9732
41772
71029
93608
12750
38988
40160
65712
95165
64604
42835
42483
52528
86935
80704
82974
46472
8931
18710
41051
65059
52930
68632
35807
90326
64590
41924
96453
32737
32174
24748
43487
64269
3339
9892
4783
88082
22401
93282
85009
64680
78479
45176
14587
58916
27167
92956
71555
7881
70346
96008
98307
26673
73240
68991
34212
10799
71433
20605
28095
99177
8877
94371
26200
71434
78253
33618
7285
15441
43244
18667
63447
83392
89925
82255
94075
16189
46169
7217
87207
34186
17674
53269
28556
94120
78171
17202
68051
84359
97481
26833
52399
98821
47814
16163
30169
51464
98290
69408
49728
48371
3121
86390
22631
23585
54452
40695
65307
1763
56916
85114
55285
73653
98243
38170
34809
8570
49156
26072
18084
13624
14784
40198
45411
94088
92160
23650
80766
25439
85505
8426
52071
40615
63752
66020
21059
29147
2108
80756
11962
72008
57569
90132
33207
94164
16100
70670
1724
8788
91427
54970
45611
79716
27967
88404
69168
91138
67694
1455
33691
64032
69963
17232
65851
81107
92436
41468
89784
3947
39880
33868
31324
80266
97115
41
722
41292
12650
25097
42995
99541
88579
67139
45536
6779
50575
61346
4748
37659
64580
51622
42584
59702
31567
38497
90316
57646
57309
40358
53752
94535
7294
91441
97409
27025
73710
53107
9080
19474
56456
88462
22396
80089
19508
47123
37375
62964
11310
8342
59680
16754
75206
55742
97322
87692
1312
81773
8059
80498
11916
27821
16456
41303
94378
54639
97420
8879
12524
52504
75348
98596
60249
34789
53732
78238
98649
37111
80650
537
21825
69750
53342
77197
84867
949
61480
71729
68214
66423
49789
96099
53829
21648
73779
20434
30915
40545
1942
2432
78650
50384
17342
72548
72637
9047
60905
49245
80864
61523
27060
75422
33866
4271
80315
91665
83470
55698
14547
11178
51221
18085
3875
28312
92758
80085
13631
15854
27788
47048
39774
52064
71760
66931
26621
53424
65282
59541
89401
65955
27417
68515
53086
31288
78019
94618
3254
88322
45293
85313
669
37975
16223
91067
12811
6128
45331
52432
85793
55500
19104
20478
79957
79792
22495
78836
38545
89727
90004
28732
37255
44447
3185
5561
15602
8482
8200
16828
49307
58038
66958
32069
4281
99814
78758
29346
15796
42036
61584
51524
84753
39015
84722
75771
25917
95797
43715
44667
63407
5608
56679
19499
50085
88193
24906
62735
4303
57831
33939
31942
60627
96093
99985
89789
84623
39998
31129
78542
89220
28842
8560
43201
34312
74559
24776
23927
3210
64901
79772
89017
46611
24014
5709
98315
42672
30489
82555
42769
43624
94316
63903
86201
87500
2666
51829
5013
75867
27354
26168
55617
28938
18837
64006
6926
4337
92605
54446
89497
9965
60349
45020
12474
86736
43620
81402
69230
9874
22990
3120
99401
24769
46396
3836
92463
37053
48591
74620
53879
39849
43372
72494
81740
11190
54118
62603
92253
51131
84364
23803
81216
45600
6563
79407
11760
82299
28376
12901
89752
56082
95233
62259
87446
52624
56476
14509
78557
24065
50214
84005
907
19927
42411
748
90139
10914
21241
90923
54265
54812
46886
14262
16636
76768
64630
4741
84136
26509
29517
75433
624
98567
42951
64507
12434
45997
25758
79176
43635
94121
33237
4824
54329
98230
89433
14181
81183
68441
69639
81762
40976
91602
75853
39538
56874
71254
61284
61416
9688
54898
51249
45668
68694
96402
48616
9484
53217
92017
76527
38840
79881
37109
78293
58215
63475
26685
36100
54837
39825
92947
14250
48921
12581
22564
38256
70043
22365
73789
60598
39987
21202
9788
93088
28904
66605
56422
39329
28287
17686
76125
77395
98364
98282
23815
2372
45092
25938
91102
34766
71060
32192
96634
86021
3665
79550
24333
35563
18755
75680
42519
98082
41724
97744
68449
98686
90
86717
50705
2091
52187
51695
67714
73226
36638
73233
62177
66814
86371
73220
47621
56343
79822
85010
8036
47444
61877
64317
30040
9343
71986
83184
32992
202
35484
14009
21021
80889
57482
71543
53983
20745
33943
12721
24493
55335
79027
5321
77689
15331
75051
97934
24393
90406
61330
91164
52866
4515
71011
15571
99085
58916
8136
37413
34377
64871
83858
31858
27684
79958
37869
20674
87029
11626
23441
37675
33334
75598
24003
67666
55819
17168
38794
76362
38949
34201
30516
11679
6771
49715
77997
44072
70983
19417
20022
4581
60288
78098
85196
58786
96794
43777
99246
89579
45040
94857
95655
44489
70364
39017
55559
18234
28085
76677
35696
97466
75173
96879
77537
29707
16750
10275
32416
61474
86407
33149
44539
3072
86217
15621
84544
71980
98385
75763
30797
53446
86246
524
42695
702
95296
26125
47890
37193
10383
77830
38432
25653
2905
5404
93581
49756
17140
22365
61294
508
72945
60995
81161
29341
82643
92618
32094
99417
20677
50006
29812
2682
25214
94798
32537
66629
55526
38012
91193
2479
40479
47269
61641
37017
81631
91773
72182
29975
58254
49
73032
80490
80348
36584
65217
7911
4684
87608
63002
30462
28825
20723
86811
42673
30524
42155
24820
55581
77549
95563
54288
69653
34111
95198
48851
5035
95272
35504
56675
57902
36163
96009
14794
84121
10055
74950
75735
95186
14920
29517
76878
25025
47485
90240
43654
89220
44495
38937
70588
32224
53382
45633
92918
86425
68516
16910
33612
95270
69371
15224
42690
70753
23169
16261
41704
14
29564
7460
93905
41638
7776
59933
53082
87328
74570
2218
86831
94138
95966
19177
95753
83699
41809
48456
47185
26876
99515
67679
7094
74106
36600
11255
35197
68281
25345
44492
96208
51225
57511
11173
35205
88854
53242
46141
64842
6852
84326
39248
59661
35082
10370
97515
95297
83747
24190
97049
40596
34985
29839
51808
37278
4263
88573
28771
28652
83281
52953
44022
29759
69715
62785
6197
42802
95589
38006
59505
30105
76149
22100
46144
93502
62760
50919
11737
66113
28258
43
91928
82945
21771
44226
72496
44586
97940
86528
9535
75588
17716
6939
21593
30588
98266
4428
53871
96094
39529
58435
71249
5609
23139
65236
14601
74621
15113
92784
49339
17123
90919
70988
68087
29923
39016
31595
96632
72231
76619
69024
11716
45107
23637
44531
2645
47167
12765
21522
25410
77290
4125
34013
88636
66493
54239
84039
8654
21940
44134
45465
13478
50769
4131
32326
2767
66202
88787
91620
2263
16956
80683
39923
74843
95531
18368
62275
93453
46052
12487
60503
74559
64696
37723
43679
14569
46664
68965
94161
22608
26006
66657
46867
4358
83248
15633
37519
57348
79972
23488
30279
26115
43611
9688
74082
71850
67511
68045
88800
96386
51759
86631
26504
29677
76579
98081
23393
63795
96026
62489
88052
64003
79039
57675
14376
59160
71023
74596
92916
14580
75082
49505
45128
83572
79974
10852
87731
84740
4791
35570
79211
11270
18607
8042
56851
29718
49518
13661
81715
60844
33317
18041
40632
26273
55587
47720
38028
63667
3301
86201
93490
66749
64451
88404
10515
63791
44303
70823
742
18646
9324
36688
77616
34244
36217
72350
28199
25587
85814
20487
9145
69488
68068
2553
68521
60025
77465
88809
31789
22638
40150
78086
50088
65123
90265
66358
71952
96197
1529
64951
37072
42013
13114
95133
60066
83852
26165
12810
74347
1292
58317
92212
89763
21112
25215
48386
8770
80546
88888
20769
43877
24594
23232
60369
79454
23974
25935
86345
4508
93722
19290
92423
38177
98059
18712
67747
17137
68174
44714
39790
85665
61322
94260
10608
79641
37949
86528
29669
8929
16809
8326
96057
19413
98530
18960
17605
29543
93493
11283
6369
38597
63854
72093
99024
90693
66111
75998
37564
5378
60319
14179
36848
79943
54031
16610
91404
84132
60338
98136
27615
62060
47782
20444
90988
32185
96339
13673
58163
68002
43769
11340
52548
17701
40362
17013
36395
5563
86389
68883
55998
4216
82007
67946
50880
92552
12110
90606
13779
22283
70231
98550
8109
38456
8025
98655
97120
29417
83904
88896
18734
1605
87921
89085
19255
79426
49097
23553
64814
73936
30950
6942
29140
91282
97378
70975
89219
92298
34607
16142
48074
47660
16318
72104
68481
64646
37592
27307
52368
92417
82016
39739
34338
90897
73572
92196
36021
9337
87676
59923
49794
75196
45238
50535
1959
1946
92147
73862
56758
45397
75228
69957
17392
91119
84628
12275
28648
64716
92588
92528
15917
44147
65565
71615
82444
22966
30266
74440
22666
30191
2738
62754
72537
90907
20719
13726
6865
70027
37604
2216
57132
21307
10296
55142
79246
53275
67233
2937
26695
51181
40758
13751
26987
55140
24122
46457
54841
65898
3693
57560
70501
81029
86107
7745
78523
51780
25349
23641
61093
9205
12614
55990
42703
70073
38822
58267
25293
33567
23157
96064
72907
5427
4431
89661
53426
63990
93595
14284
79461
87642
24220
22451
59312
55833
38997
3732
72097
93863
96574
41956
18475
17125
91744
22852
47984
7742
66752
23868
54249
73959
25453
82127
29937
57894
30621
74045
79170
72792
63632
67792
88476
3574
15078
33939
5501
34490
31174
67614
84132
58841
20631
24224
30250
22751
40646
48474
36265
95399
57498
8012
93325
94302
10978
84301
29986
93942
69839
72114
89237
83543
71043
80490
98260
79013
18550
52887
4552
73575
93937
88775
54323
51798
9066
18346
79102
57163
85534
74841
75787
94220
60945
84243
57952
93097
46134
3751
60716
38109
61188
32499
87886
30780
4391
82562
78712
7102
56492
45414
44436
10615
31780
83469
80930
99961
41992
20935
11817
21882
91465
46117
81644
87158
29064
89426
83652
74767
73707
40714
29760
44779
60530
32327
58547
4656
29314
26506
616
75799
84981
62683
55351
55496
63845
61623
59557
72406
53505
37060
25605
25720
26129
30882
83825
67817
69536
42843
66823
61489
31983
72407
33066
59531
55942
21967
97379
32185
57052
90769
46802
48324
64233
27761
54155
11432
10859
25822
24832
52345
94620
40834
546
33155
71938
56346
99633
71331
42864
33864
70065
64651
86670
98641
28858
25372
68516
98938
73375
77877
99386
53377
41400
92220
66736
98713
1381
57251
42706
12347
59084
41120
34264
83345
44521
25390
41745
6895
62748
90820
35933
99450
43569
86651
54143
73255
14538
69892
91738
78744
51705
74743
55537
72845
89883
6661
60860
47795
80342
98086
96853
87608
60365
18734
77601
11094
43562
34316
3504
67470
8473
28102
77657
75044
48854
20141
26993
41976
4154
89296
28729
83824
76186
43149
86482
98814
88585
59184
46366
57755
95048
59620
29657
15247
16372
77592
80108
30115
45978
82809
61461
25376
40465
81567
21294
61382
33948
75624
32403
50184
69531
89269
26961
56231
75717
21644
30692
34286
48951
28575
1780
49315
28074
25837
97798
35981
41830
2226
79290
58986
98622
52178
19901
18010
91944
75979
38827
81804
74264
53445
33220
96780
19708
10890
2708
99545
64989
53673
32646
8678
23599
70620
89934
17490
84393
85610
18408
94344
93897
10394
14631
87163
67819
66056
38022
68892
31411
87525
35045
79909
45540
18351
5948
48219
74582
49203
87700
31885
15882
37957
40013
79721
95887
58285
15897
25350
65491
8976
77632
26620
71193
99216
77285
59850
36419
34307
64135
77641
62489
61354
65267
53972
59270
54047
80502
36336
28869
55476
75138
2383
53106
72207
38056
19074
58456
74118
54287
68335
13056
97296
59265
73753
34524
85546
98298
1271
5470
99321
20694
7706
52631
59467
77910
44846
60370
43070
97247
78467
28896
39402
12040
6956
14535
1272
21090
79470
66787
39903
13584
15518
38595
55190
441
774
13274
31754
25848
779
7380
23807
3215
68906
63755
19217
6073
44314
19569
96969
1505
71395
47526
86505
86144
15281
24659
25155
49187
51608
96877
48337
83442
99580
69464
44451
88551
66807
74278
24602
52657
42928
37749
35420
90719
26086
58053
78949
57110
48632
84015
19228
19057
84505
5699
76222
33600
83639
11562
36253
12880
97148
78514
97916
22409
63849
16433
3580
70103
86531
10696
40015
86306
15103
76739
8537
1830
19953
21685
65623
65100
90852
5533
5241
81211
16808
69493
68785
15098
34872
83043
25326
20594
97682
2311
28999
28228
26933
18914
70372
41292
4448
32505
32549
92946
96444
26627
21891
36228
63396
24431
48823
64103
62124
37288
75563
32423
77407
83231
23879
73218
78067
30616
17472
62046
23263
72367
57553
48858
62131
51481
86903
46223
7397
53502
38209
68720
32964
20836
535
34490
99946
88524
2942
53660
59094
54073
54934
45538
11465
6169
49050
840
51443
21622
94982
97216
15221
65693
40559
82002
14751
28083
8471
69924
4670
56883
69593
20184
96216
98063
13012
86011
3865
31658
43404
46460
15817
54482
76525
48132
2471
52124
79903
83256
11532
88036
34230
12891
42722
82053
64831
87429
30199
84896
99617
62286
50813
97485
19715
23937
98569
21904
74341
81647
29158
7495
92177
11438
74988
57996
21586
1306
44432
97602
25364
71503
41389
3943
30733
24257
49698
5509
61554
6530
60736
70223
8556
51378
56147
12471
70620
18426
6623
28005
66916
82440
76831
81998
62206
3743
47306
29752
35635
45823
29310
66072
83366
61517
55185
91656
50384
2820
37959
87917
95096
99436
46190
9328
1269
87949
62238
58895
40137
88918
2382
64766
83291
8887
14770
78150
10577
82688
25585
91131
55091
51497
9683
94606
31324
68445
70674
12625
68677
41452
1767
67088
82314
92013
76010
80110
67021
29843
99952
24755
19862
6940
30915
52239
6850
56736
42749
12893
57923
89511
36155
12394
22761
73510
3319
53875
6036
44516
33532
53522
10274
95702
40027
21692
17446
72247
12129
77581
50431
98902
84735
10578
36612
99581
74885
75415
18496
81956
87843
38241
86936
42007
1515
33147
57817
54395
29278
1599
10722
5053
82496
91157
38537
33565
74901
80989
88710
84261
23557
85657
37567
15732
18020
25159
44962
70110
47051
43349
79201
49799
39622
63027
59145
93849
9988
18338
75429
69158
32274
12370
46276
76251
21439
24544
42784
65188
56531
94795
72515
91865
45307
58801
63039
2236
95947
11489
33930
71193
71838
48368
56272
19452
70754
23534
47819
69376
14359
74862
24392
7095
5107
57291
44978
42993
47613
6640
82000
44643
92392
21086
11340
30355
68238
80904
18661
40211
65424
84637
31624
30752
24415
31156
97394
34776
45681
22046
7098
93900
66067
92953
84282
16041
54877
69113
16743
78146
17720
32034
93136
39064
6440
54803
36733
43755
24270
74040
36677
89538
62015
26492
19552
29796
67176
8988
9153
76948
71859
27850
87941
10375
84037
2114
33893
32473
68085
44045
40535
67634
83199
86679
76571
70769
21060
40375
19172
73859
56893
95990
56181
25216
82951
57078
16276
63960
19611
98769
52636
31963
8874
90486
13603
70206
19896
67094
6848
83817
32835
91160
95556
577
44211
3650
25494
99898
9911
80151
13220
54363
84195
74787
1690
34931
66416
33960
68593
88617
68424
14679
32122
75458
12107
11925
85863
81407
91206
96545
9132
25594
13073
22789
47594
3520
43568
47183
55192
39383
72670
69545
52339
16200
99622
84107
88978
983
8958
51208
92520
91820
61731
79914
27641
88722
75897
10063
87789
7805
52665
34927
36828
24783
16972
41886
21349
75376
16777
94463
27100
87639
68428
57557
9799
48342
43542
10980
9514
62277
93022
72775
13478
31921
18810
85519
92661
42390
41316
83201
5828
67262
82548
69399
26757
3519
66456
93755
9875
96487
63807
17376
56995
73619
28485
97569
78015
71455
5347
96294
32971
94181
73778
6532
1523
88417
32665
81770
88008
78152
2498
7139
1773
58258
7942
92928
37680
49922
6884
3619
82945
37905
41189
28150
52150
604
88454
97290
21042
68490
50823
16835
64775
34589
22588
72702
43465
99801
12609
28762
44784
44003
73375
86232
64651
18124
27901
67461
45403
73410
31357
48209
57356
97512
62440
63798
64780
5575
3899
81259
54027
46681
2265
37976
89429
98369
30055
97741
91553
766
60777
17919
47851
74023
89602
84084
71997
72416
8594
20723
43966
4866
60878
48298
55351
1386
72178
25495
72294
55307
85562
82026
56459
72033
65055
84620
30442
80663
79215
54301
53005
83267
34958
67107
28173
36570
37062
47920
29095
63396
1895
62723
82766
36655
56602
27487
54662
41459
59744
6845
44404
40513
43070
25662
21564
46536
86095
39521
54657
22955
91933
33164
49593
70309
47738
78332
91132
56591
63631
75119
94608
60452
28258
36137
56888
46210
28806
95933
31150
39108
95960
64237
73012
31823
34738
87802
55986
23453
15957
67969
91923
91327
74864
3191
50915
54019
80853
35276
28302
54659
28291
49707
62298
67367
22540
54167
19125
28000
11972
1402
81569
43038
42273
10395
99514
40671
79632
16679
95287
2607
75693
57783
50837
55233
45236
14243
9015
98036
60149
83095
61718
32519
96630
418
49391
29598
26991
69532
43998
19927
46888
19195
96251
68183
51139
61317
22945
74969
54734
37337
14091
27837
69563
92134
6648
53863
68879
18905
87198
96749
79519
15847
16717
32524
88266
29398
93129
4061
99009
50995
20374
19928
47958
25960
66841
90548
66702
4212
4256
20608
79429
14726
46489
17884
37114
51674
51964
55861
10050
53502
37304
92856
56319
75148
3457
56571
71308
26453
81381
22370
71320
78696
2250
42798
10757
52219
79724
23795
24990
91796
10095
17301
93420
78679
32985
71007
28666
99550
32278
65164
76460
94094
9155
8330
50081
7954
8810
36589
6042
48391
21063
46462
86437
93748
37866
42994
60417
19573
73150
35840
17805
78488
37155
27673
19039
8071
11113
13474
52676
28407
12696
59348
37921
46331
82089
20872
90650
81006
97864
88469
99948
33841
18979
55307
38458
13311
1711
80790
70671
8514
99156
7686
74410
30378
73827
34
64690
24888
97151
14263
79960
75285
19507
1802
38031
27077
97141
59582
19550
17053
11738
5987
95203
76976
83749
24913
42253
25650
18213
71575
60846
43472
22702
89380
23
58255
75099
13206
81332
57388
80980
39242
93516
51265
50418
29665
60506
93811
98730
15748
77852
92024
29248
4474
72485
4313
90527
19
90573
82200
59251
5534
40549
43980
32296
52311
44992
32382
39658
70865
22455
77298
84679
14609
25488
26024
61207
79345
86224
49398
16850
45310
7113
47013
6165
86318
81154
17530
71728
69454
44274
35026
34580
51107
30874
65188
99643
31420
53781
8317
77927
50029
21047
66996
22832
13285
17037
16543
6211
48429
72221
81425
4303
78412
23325
39873
18442
66488
26044
55706
49040
32554
52991
38505
13189
75669
49392
60240
83771
98761
37565
42110
68829
3198
78692
78770
24813
8181
44472
57244
23573
36143
18186
78703
92859
24955
22240
61478
93204
83948
1259
28209
31444
65193
19697
83092
92322
38122
81251
45880
79071
72398
91262
53705
53212
56052
24105
90740
87908
88054
24910
59515
49347
76137
96510
89326
94263
38978
42557
96925
884
35626
97497
97759
98616
29434
17709
16694
73260
55909
8411
46858
73030
95752
307
27526
52051
87379
54627
82018
54704
5074
90524
26874
58476
71431
18231
77260
37798
10826
72038
53144
47077
61989
15859
48955
34730
70043
82972
14430
7032
22027
17123
8433
11018
84677
37820
94906
4092
96479
40035
33498
33150
88323
62763
23365
71850
70507
23296
54185
78048
74941
30427
62504
19032
75778
68539
54945
25493
38398
4777
98860
2361
55599
95821
77372
63799
46505
96749
79938
69304
4393
74347
91731
36509
18473
39724
83244
28284
18945
25799
22890
40890
96723
87566
62619
35365
69750
97056
64695
4905
56160
92675
73327
9242
54777
59337
66023
13197
4406
11009
60704
94650
69581
571
30647
35489
50826
28243
95065
26515
43259
82858
29491
13803
29740
35974
62255
19113
33376
6043
1968
29400
85634
27050
43635
81885
52746
19948
89012
99513
44890
79090
34801
68101
27565
80192
38611
96984
92108
99925
58630
15791
25590
491
14112
59781
41268
58731
65548
17473
7495
90010
74467
89242
90544
98285
74074
19342
98997
77995
32455
87029
58504
44948
1342
51499
11854
23444
32738
28878
90144
35743
21532
13315
160
23030
66599
35895
60248
69491
626
98151
26074
58630
81953
78773
47829
6635
282
37922
66654
62683
3958
