9482
5188
1541
2474
7568
3421
4827
5170
6848
9493
2653
8693
201
416
3399
9077
1351
5118
9677
251
2445
5641
2735
4007
4210
1579
8531
9603
6568
1845
4967
4233
4577
8802
9021
8939
7015
9700
9807
6184
2560
6965
8006
7082
2164
8812
1111
9872
9305
7890
4058
8025
7172
2708
791
1665
3086
3386
1205
7970
8015
6582
1159
78
7949
6182
783
9728
2923
6593
4133
9837
164
2723
4357
3420
7354
3866
588
1114
6512
47
3442
9708
4569
6349
9880
8741
9151
560
2100
3344
8842
222
6516
3081
1715
7833
7469
7502
3649
9326
7982
932
2970
2032
2710
2231
7621
8790
6468
2274
7802
9781
4015
5749
7742
95
9471
8971
9880
8516
451
7605
7529
9595
8686
41
2834
3431
4654
6870
8394
2616
5150
5674
3628
6315
4478
3887
9614
1210
3507
4298
6058
7765
7650
1788
15
4816
9468
6837
712
4142
1971
9540
9445
3343
4534
5483
2669
1437
7598
6148
5697
8709
8838
2541
8001
1146
3424
216
5593
7205
9726
9294
433
9953
7341
3133
5922
82
9039
5588
980
3679
3950
129
7722
1153
8351
9382
7729
9766
8875
2397
6191
3397
2989
2381
798
6387
4882
4052
6910
3927
7470
8380
1764
3842
538
973
5027
2954
8691
1900
4327
5017
8272
1106
6924
3020
8059
9434
5600
8555
8517
8252
7602
6195
9481
3375
2690
9993
120
3985
7651
262
6536
4323
5911
1817
1461
3878
227
9048
41
3971
2092
6807
3672
8817
6269
9922
8407
8605
2266
6195
2457
4294
6320
7296
9406
8119
5821
1163
4436
2864
6777
875
1717
9821
884
8366
6760
8912
2871
2377
2786
5657
8245
6577
2552
8299
283
5142
6161
4390
8207
3768
8645
3767
9365
1917
5771
4194
6229
437
2464
3630
5687
6072
8675
8247
7963
6239
1494
1216
8112
6557
1331
4576
3938
5667
3757
8153
4794
971
8905
2043
9447
1338
3897
9862
6854
7591
7432
1609
440
2970
658
8823
4271
3479
4638
7685
9040
3662
3507
2507
6411
7866
4420
596
6927
4629
8096
788
5994
6654
4300
3232
6623
8210
5921
1671
626
7843
9654
6652
742
9838
7097
2435
2632
9849
9341
3829
1775
8804
4780
6958
5789
8835
1033
5072
5327
1787
6116
2402
5951
9403
6883
8052
6554
418
1916
6632
6151
5161
7063
9677
1624
574
1778
1530
4612
1039
4062
7875
4271
1514
2629
8719
8435
3279
8666
9995
1925
6062
2644
1483
5080
1372
2437
7716
1916
4644
8706
7811
1546
247
2777
5201
2216
1162
2725
9493
5699
5813
8165
7978
4859
9346
6857
1315
3531
2064
3144
1181
5138
5056
102
1120
6567
9436
6916
6380
5298
1725
4145
2325
6303
7904
9969
8514
1045
931
8911
7079
6393
8714
4874
8864
4390
5988
1298
3975
4084
4725
3511
7431
9858
3167
4893
6910
6149
5544
7908
3061
1400
3698
5760
4911
8744
5844
856
8862
517
472
6729
6217
1027
9224
8511
2832
8644
480
9482
6913
8505
1147
6642
6829
1856
1269
158
250
2498
4142
6216
511
6188
4225
6874
9790
5405
7713
8358
9269
3207
8725
6086
6241
6770
6569
1604
8231
1242
1226
9158
6142
7667
1313
8512
8342
673
992
1977
5121
4413
196
5692
286
110
6759
616
7582
6062
6066
1173
1647
1017
2403
3684
2385
1618
3687
638
2389
7009
3647
730
8355
5425
4938
1280
3969
3718
9299
3519
5826
6970
9861
2363
4577
5692
782
4587
2668
7712
7468
1439
485
7082
8138
7425
1520
829
413
6062
4390
8129
1708
7999
3428
6264
6520
518
7663
7141
3030
3483
7248
84
9678
4886
8110
5054
9076
8875
365
4184
3716
4717
1627
8125
5448
2703
1995
2151
9887
2983
1823
1907
2089
3436
8155
3392
5489
1317
19
6716
2351
8812
3966
7263
7071
1247
3988
948
7800
2920
1651
79
8163
5357
5951
4834
3502
6613
7230
4590
8634
3148
3791
59
6966
2749
3731
7331
3464
4494
7341
7046
4169
3252
5127
4056
9564
1510
5130
6388
6805
6949
6147
9203
9580
8163
2704
8722
1560
6135
6254
6269
5951
1993
1724
8473
9096
4885
5733
5758
6005
1592
8580
193
2662
1463
6761
180
9871
4900
452
3489
3442
7966
5050
3689
3941
3866
4557
3137
8113
6367
5939
2572
6883
5472
8572
5108
9908
5656
8785
2545
6521
215
4548
772
8877
2579
9218
8465
7206
7863
1982
1843
9813
72
8959
6134
2635
2720
9019
1343
8675
8093
144
5550
9149
1842
9504
1813
7904
2665
816
4113
8054
3127
5026
5123
8300
7070
3950
7046
6330
7035
3102
7647
9844
2584
2429
9700
5523
1129
2481
9211
8293
3276
8072
8591
6531
7858
8817
7626
1837
4761
8167
2240
2662
6392
3843
8164
4852
6396
1188
6897
8716
286
1571
3012
3558
7616
1059
748
5602
5781
7059
2182
7581
6855
4476
8181
2718
7354
9996
8672
9878
275
1428
3180
1048
9069
4608
403
2276
5604
7361
9603
7558
3983
8329
6874
2136
7734
5634
5742
827
7788
5998
5356
3568
4046
2471
3603
9754
4196
3602
2501
5750
4846
745
9399
2962
1132
8042
1586
3591
2149
6374
3527
7985
8907
1203
7057
1191
6939
9832
6502
2306
6999
4112
5932
7380
9813
3545
7753
5622
6275
7883
1583
2649
3307
2004
3050
8035
2551
6301
4672
8403
755
4051
7418
8299
3609
6359
3788
9824
2779
1008
6495
8214
6950
3098
4364
3333
7953
5771
4601
3162
8434
114
1098
1222
6991
7351
5979
4181
1488
6938
3731
7162
5544
9175
184
2594
7693
8697
2053
4627
4472
7493
8587
7897
6581
8397
4413
1303
745
8473
9688
8607
3970
4352
191
7805
9572
8963
5551
3223
2617
5578
1866
2113
779
6093
9339
5051
6562
9024
8757
9973
3057
9939
6350
856
4847
3894
3500
9715
6261
7312
5380
5625
4776
9476
2978
361
9242
3156
949
4030
8336
647
9415
1843
3693
5881
8234
6092
6641
4136
6904
3727
1903
3846
9909
1390
259
4855
9593
3612
6964
2717
5700
9696
4245
2843
548
5073
9596
8089
2321
4981
341
87
5980
1636
9057
1887
9171
5589
9088
5048
3432
3526
5870
8732
4869
3376
3571
1284
8329
3279
9419
4876
9289
3403
5680
7023
5418
5894
2802
6096
525
6709
2178
5056
9284
9348
6624
2888
3337
7181
9101
399
6465
2026
3047
1188
9136
3707
512
3878
2224
726
9460
1010
4129
4132
6172
9088
3786
848
6995
1150
1303
7135
7459
6031
4624
1299
1978
5773
4191
2118
5436
7292
764
1200
8976
2508
7431
2307
5532
255
9360
7975
9941
5199
4276
4347
9743
6772
9757
3822
6898
6468
8621
5754
3875
1727
6384
7078
8969
2658
3188
4060
781
3042
7750
7337
6129
97
8076
1747
815
6005
7170
9178
3011
3073
9328
5359
8231
267
6483
5629
8506
9477
7010
1433
651
2009
1191
8266
5229
878
2091
3674
7849
9182
5077
4969
8188
2843
4760
4554
1672
7359
4248
1136
246
7025
9619
1124
9525
9409
4138
5986
2261
6947
7968
7077
7355
1561
6827
6846
4257
6949
3458
6124
6963
9140
604
9994
8498
2254
7092
4082
1632
3972
5346
3641
8642
1262
2968
2664
3772
3920
8685
8743
8226
4708
845
9087
3157
2955
7590
4304
7649
271
1334
9917
9078
7936
7631
8068
9791
7172
501
508
6482
6719
7193
4754
3619
3246
8092
8249
2229
2112
7464
1387
6907
6032
7617
6973
7372
5094
6368
99
9602
4552
2835
8207
4545
8555
5901
8215
7958
3066
5971
7836
5362
5137
2291
9439
1212
161
7690
3440
3850
647
6954
2346
5745
8174
1374
9514
5258
4278
5320
4278
6481
2533
82
2357
4809
4295
2724
2811
1255
669
9375
9331
6281
716
6379
8614
2506
7754
2434
2622
1754
394
2992
9786
5797
8488
7343
7312
3779
3373
895
1277
5504
50
2884
2788
3425
9808
9930
3725
3747
9659
9924
4618
6564
6407
5223
8008
481
9181
6452
5365
9776
5488
4877
5430
3070
8886
5265
2658
103
3388
4355
616
4768
2865
2731
4840
9898
5358
5575
8105
7170
8875
7324
3948
4093
8324
1224
7664
7061
2571
6312
2346
956
7533
1964
1506
1713
5437
4937
5923
1741
1384
481
6251
5282
1430
3825
1534
3182
6881
1711
2880
7000
8655
5442
1476
1829
1714
3805
7323
8394
6931
4685
2297
957
7259
6655
7091
7718
3096
9063
5215
5083
8177
3682
9049
1388
1597
2533
1503
3886
4978
1534
4472
8125
4051
2059
296
6132
5022
8674
5758
7581
6244
2810
173
4419
3975
8639
2572
3578
7547
5399
9403
2700
7634
5229
4018
8667
6747
3927
2206
2525
16
8955
4693
9026
8815
7489
6173
9592
2819
6212
2941
7556
4383
4537
6352
7042
9547
30
4851
1356
2040
6029
8053
8977
2440
2482
9095
285
1854
5438
4476
8918
3671
8505
2308
6560
7837
9143
100
2681
4660
2727
5086
3464
4364
4771
6267
9558
2067
5200
4046
4733
1203
4653
8052
5635
5962
4029
3149
6783
7637
1536
484
9442
485
7164
4657
6954
11
9188
800
4993
8430
7493
6837
8425
3418
4079
6483
8147
1720
8756
5684
1953
3947
3256
4798
6383
5252
258
6179
4666
426
8498
6356
7191
5267
1234
2295
159
1899
7694
5256
6791
9835
4575
8833
4273
8586
7895
2149
9106
2426
7687
9370
5032
9107
3116
2526
5837
4910
3813
7433
7434
9156
2028
1346
4306
7087
1461
6114
298
4917
2082
7661
9893
3862
7521
5592
5474
6718
4597
4199
4521
1493
7915
3412
7333
513
7542
2078
85
7570
9310
9928
6059
1507
5387
6956
1464
7715
6261
8681
3756
8004
7204
7506
7277
5184
9362
3079
1380
5886
3257
6824
5439
2578
2028
72
7242
661
4042
1975
184
9400
1239
5765
2975
7123
7515
2060
5594
2506
900
7066
8338
4174
745
3661
3002
1495
675
2007
703
8928
9753
6661
6460
266
9901
9918
9297
9655
1080
4766
6425
2851
2792
7796
3331
8319
6488
4728
2903
5334
7631
5254
6367
6485
5231
6841
6776
5596
6375
6777
8233
5314
5751
7854
9679
1694
4749
8100
5765
4757
4694
8527
8320
2720
3311
4685
1103
2056
4557
7701
2549
1883
653
8747
3133
24
1100
3659
1094
4691
9375
9043
4300
1557
9730
1121
2868
509
3525
9133
5840
4627
2687
6946
6524
9670
670
2840
9882
3187
3896
5285
4309
4077
3158
7528
4547
3250
1796
4148
8874
3403
6207
3353
8655
1700
7101
3831
5871
390
5889
3744
2106
1936
9563
2646
2804
2452
1740
5215
4298
4252
7176
2003
1316
8794
9050
892
627
3780
3711
9922
2578
2604
68
3943
7786
9718
2969
355
8609
7852
2198
3461
1820
4495
9961
6057
3026
5522
484
6884
8531
223
3356
5233
3978
3317
430
570
6507
1151
449
63
770
8405
2127
2770
7244
6909
6358
4257
2598
189
1768
2677
3458
3092
1116
8460
5356
6001
3352
8312
1824
4586
700
9295
2564
7416
1897
7155
9942
8559
8967
9232
7718
334
1035
3702
2111
3563
9151
2706
3313
9224
3150
9048
9320
8758
7254
2912
1552
438
6892
5838
6735
4321
2164
8620
6338
7909
3873
6750
2905
6769
7369
3492
1825
8059
8669
8471
3644
8459
8472
3342
2044
2260
2717
8605
113
9470
9878
4862
6172
9051
7370
1333
7657
8851
4301
3564
5862
5717
141
7103
9469
7135
3331
8040
705
4770
4542
6469
4194
4183
1017
7111
33
6108
8290
4574
3741
3216
2695
9601
9925
3174
1608
4794
8550
1435
8271
2238
1803
888
8148
4772
2716
3677
6565
8372
3978
3882
7438
7520
9613
9532
6036
2742
5884
2161
9614
7613
9896
5018
8407
5582
2932
3172
2239
2187
9579
8042
7493
3940
3647
6926
7269
4469
9309
664
634
9711
3954
4999
5918
7040
713
7175
1814
1170
6336
6560
903
5628
8674
5246
1432
9589
5141
991
8864
6881
249
5460
2038
2552
8787
3552
3900
3278
5630
3723
1132
5188
1923
3084
5044
4245
2965
4951
275
7239
6331
7544
4312
3963
385
9255
9730
1118
3803
6703
8756
3088
8784
6980
3087
1283
8436
4830
4999
3661
7492
629
8774
3547
6419
5492
4583
3347
8655
2261
8597
8329
341
9260
805
2185
875
3276
6677
7695
6323
6179
3485
1477
608
3234
5624
4809
685
2541
1702
197
5510
8108
5970
7720
5842
8521
227
3265
4048
5302
78
8747
3959
3877
7751
2635
546
6537
8576
3319
6651
1939
4424
6684
7351
2522
8640
9034
3855
9744
7498
81
1809
922
6751
2820
5499
2937
9101
2962
3588
8287
9810
7725
9944
99
4849
983
2406
6571
7164
9651
5533
2919
1450
4044
502
4281
2852
8038
2273
1516
5233
4247
2361
1772
9296
2974
657
5934
9512
495
3201
1250
9102
5096
3426
7029
5873
5870
6835
335
1737
6427
5996
8550
8758
1375
300
5345
5496
8345
7610
5695
9236
7607
8689
4663
513
2297
4454
9571
3836
5743
5934
3817
4205
8863
994
1047
539
2143
9593
8812
636
4934
1381
6399
8909
7504
5308
7717
5790
8676
9738
7484
9825
1034
2217
8206
6772
1729
983
7800
4072
7848
5740
2811
6441
250
8523
5166
7802
7883
7802
2025
8409
2027
7311
1476
5996
8869
9679
8270
189
3092
3303
6724
8881
2272
2584
1664
6355
7735
221
3884
8395
1490
2968
7194
2482
5203
1788
4134
1859
9264
567
5771
6619
3582
9174
5428
6106
1574
9660
8648
7113
3713
4007
9768
8809
4953
1955
4748
3684
5331
1183
6398
2835
2296
3076
2243
4551
464
4900
8265
4349
938
8005
5969
1436
4743
8228
3214
1083
3803
9801
401
6999
2185
9744
9464
5804
2134
4131
7927
2394
8533
5297
8091
2825
4692
7642
5989
9196
3701
8411
3050
6651
1998
1565
1284
2260
5807
7889
1833
8278
4205
9043
4436
5635
1640
5436
9549
2392
7355
4528
5027
5674
8939
8653
6705
5112
2906
2421
955
2590
7358
6530
198
1218
728
4556
3128
6883
6632
4462
4518
5239
2867
597
4345
3629
2961
6836
3546
8345
8585
250
4285
9395
2707
4618
5225
1734
4546
7744
3996
4038
8081
206
837
761
5536
9016
6944
1800
8030
8341
4294
1142
4862
3529
9248
8046
3551
9826
4564
3718
9671
4447
9138
2477
372
6820
8955
9246
1412
2185
6574
5962
7255
914
1855
8576
8702
2331
2350
8837
781
3044
3192
8645
7467
9556
9715
5333
3679
1845
2046
2711
3138
1421
2290
294
3087
4506
8273
573
4428
2134
8005
412
8317
8135
7895
2014
2913
3109
3100
4847
2175
3514
907
842
5706
4410
1083
6933
4501
4594
6015
595
8330
9590
39
1873
5846
528
4206
5002
3249
4101
3023
231
4237
9627
7494
52
1039
776
9891
8932
2568
6792
1996
5061
3407
1546
6934
4275
3427
7976
6610
4060
2793
8399
193
262
5870
1786
9677
224
7099
3782
5507
6944
9258
3430
2561
2109
3129
1178
7439
3553
6101
8100
6881
2107
7734
7660
3894
568
8792
1583
6131
618
6510
8338
5561
3872
3045
3054
9401
3770
8454
9483
3594
8450
2466
1618
9864
6007
5416
2958
7927
8060
8993
2479
3568
8466
5926
5738
969
4939
8280
3880
6876
2743
9977
3824
9467
130
5254
5791
4463
6241
6372
957
3151
3664
1951
9794
8851
6044
4431
334
393
5344
7598
3048
4165
2842
4696
4701
3137
3395
8075
6476
2848
9732
6052
7936
9110
2309
2570
7267
8500
2407
8632
4007
8760
5555
259
2762
7386
3240
8485
3008
9063
730
5589
2043
5314
4899
8369
7183
2323
6511
5545
9591
4190
7220
5059
7091
867
7479
269
5396
3314
8893
9619
3596
4203
1429
3819
6707
787
1101
7157
4742
3558
1735
6203
8210
8440
2457
6925
1201
1030
9703
33
4690
1409
2743
8719
6976
9446
9832
7305
2591
7850
3113
4280
9047
904
1692
6892
3894
3407
777
1785
3566
2533
9645
6284
2873
6368
5216
8555
2163
8246
4169
8380
8814
6977
3834
7377
3079
5683
3259
1358
4935
8898
837
9891
6856
1709
7574
5021
8275
4406
6990
5650
9737
9200
5534
8489
5555
2036
9173
6660
754
2925
6020
5169
5807
9568
7748
2155
5156
712
6883
4638
9639
6641
7157
2324
8540
423
7685
6655
2659
4801
2399
9874
1605
5925
1810
6887
2155
1437
6532
8168
8497
6021
3344
7621
6663
7843
5213
2638
5703
6771
2579
3832
3057
3257
1599
5943
3630
5570
9126
7856
3232
8792
9180
7480
7802
7457
3696
4265
9085
7205
7376
7355
1891
2246
8725
3041
2924
8635
7566
9012
6852
4673
1716
7863
5599
686
2616
1395
9666
9116
8245
6692
5390
1146
5737
183
6679
571
3881
2714
4669
9948
2265
5941
9205
5830
7897
1438
5013
7812
7101
8389
6517
1545
6999
3813
7682
7928
9506
6427
486
2403
467
7374
1498
3770
7809
7472
7741
6938
3207
2068
152
7558
9721
5032
8986
8455
2538
5524
5604
8863
3431
7395
614
4236
9473
4260
8802
6012
1394
7362
4504
6364
2033
502
1571
3710
4494
6834
2849
1588
6413
6459
3919
3015
3791
1724
8587
1659
2555
282
8435
7066
5388
8399
8197
8793
1633
6501
4739
4308
7932
1856
7416
7398
3006
2356
4165
4371
2084
6448
101
2223
253
8550
7691
3355
6474
6832
1587
4398
589
6807
9096
2401
7950
1274
6928
6862
3853
3346
2251
1096
6665
3848
1597
2752
9670
6710
7597
2706
9155
27
9265
2360
8200
4163
1121
1926
2146
1381
522
5106
1748
1579
5388
4134
6580
5896
6693
6626
8752
7851
9914
997
3711
4163
2263
6910
7860
6242
6553
1746
3262
942
2840
8631
1041
1148
3888
9542
4445
3884
7267
6962
5201
9940
5512
954
4025
4099
4358
2276
7925
5035
9744
1736
8132
6858
1483
3783
881
7504
7195
1771
1115
7931
7728
5172
4482
9601
1030
4842
7935
7970
7204
5226
6009
1490
5868
3714
796
1644
1710
7098
8476
9089
2597
9551
9475
5991
5100
2979
4508
2677
3305
3303
1634
1722
9924
4439
7930
6201
1580
3952
2635
1833
9817
990
7056
8833
4151
2763
5351
6623
3762
1554
5496
4820
7733
7419
6996
4171
574
7785
9072
6841
6971
8974
3075
8071
9687
7485
2799
8443
6668
5078
1096
7428
6255
796
5171
1623
2480
7279
6948
2398
6689
633
8679
7969
4970
2519
3890
8505
4398
1271
4233
589
3158
7912
4472
9212
5472
7780
494
2974
8249
2893
1730
7950
3209
5819
6058
2989
737
4381
3892
9464
5615
3570
7400
178
2880
7025
8777
6063
3686
8453
3043
7491
5533
9868
5784
1077
283
9905
3165
3684
2988
2326
5446
7480
8360
2648
4223
8549
3594
2070
695
8569
806
361
9867
3293
3246
2808
9246
508
1828
4706
3044
4848
9486
7825
6025
475
4825
7243
2465
7278
5793
4573
8237
1716
20
6916
5331
1383
4868
7963
6135
439
8566
9439
1374
7367
2130
8805
7961
5746
8031
9455
619
4504
2279
6147
3521
9224
7955
6912
6511
8902
2688
1697
5480
5171
6559
7304
9187
6485
7273
1201
683
5422
2120
630
992
2240
2316
5223
1905
1816
7810
6513
3601
6869
1485
2737
88
6783
3573
3794
4974
2513
2332
7126
5280
2809
9002
2100
1386
6367
2956
508
1181
3151
5836
3453
8424
525
5052
7335
3156
6891
7334
9131
3322
1607
6709
9552
7415
1644
3089
3976
9671
138
640
8055
1056
9388
2251
668
9016
9638
3545
7347
4778
5019
5730
3012
6070
1250
2108
7526
6294
1668
8918
7586
395
5390
5247
4891
7699
198
6512
5000
1205
6931
4799
7868
726
2132
870
275
4100
9939
4555
902
5560
3158
8201
1789
5348
1293
5706
5925
6715
3913
7378
906
8268
8905
3139
3457
5323
354
4013
236
5071
209
1966
942
673
2182
1518
2516
9978
621
1621
9101
5949
9565
7550
9751
9053
998
6933
4640
1549
9926
666
8801
4878
1399
5817
6806
9849
334
2010
3307
696
5767
9752
6408
3193
947
7224
1515
7951
8052
3068
6557
4916
3729
9686
1250
8929
1559
1604
9571
3567
789
7789
3382
2116
7777
4796
6306
6894
5600
6281
9419
4026
3736
5065
4964
5877
759
5693
5891
5221
3512
1165
6838
6644
4491
5026
3813
1713
5240
8605
8264
1673
5456
1537
4259
4021
6353
2141
402
3259
4357
1870
9239
3654
3122
5570
6254
7184
1753
207
2479
7731
5972
3572
4562
1603
1969
9545
4733
3498
5958
752
2922
5630
2654
7558
3564
6373
8649
525
9045
9515
4233
104
6493
6458
6082
4486
2579
9478
4574
1155
400
5068
1594
7316
839
9367
722
4664
6136
255
4550
4617
5101
6753
1812
2006
1187
9989
8875
1643
1992
8610
1350
7816
221
1274
9587
9134
368
2705
9405
6426
6492
6026
1091
4257
5745
9158
5039
3790
3854
2081
7734
7172
3149
6355
4012
3248
4421
4366
4469
9308
9874
1911
7395
4398
9887
9121
8405
4052
4505
3314
4208
2308
9806
3389
4764
6811
5459
9965
5649
8689
4193
1825
3961
5091
3646
9591
3871
7756
3362
3381
5770
6646
2196
2627
1364
2875
594
8806
6744
3537
2987
2004
1132
2537
7463
6309
6093
6112
6295
6012
995
8603
9086
8944
1076
2782
8259
4714
6314
3137
9750
5603
4364
47
9130
9823
3949
3949
1409
1898
4911
6203
4342
2740
1855
1298
8465
734
7338
1191
9991
9626
8908
144
7336
8670
7886
4379
5583
104
7560
3061
5397
1949
3267
1674
1387
4803
6349
1558
3740
6944
1881
9330
720
6232
8600
5894
6039
6604
7827
969
9720
9149
2390
9276
2400
1362
9432
3776
6746
5825
379
4537
9347
8144
1737
4893
1655
5928
5835
6844
633
6413
6327
7073
2414
4533
4846
1898
7751
1307
3076
4848
3315
3706
9798
5146
8702
2976
4689
7246
8332
1014
936
478
4010
2628
570
5103
3198
7736
1046
6239
4422
8209
6130
7241
7266
9575
8188
2334
1858
5026
5633
9912
2876
7563
6897
8288
6536
5560
8734
8028
1568
1515
8346
5946
7014
2975
2000
407
2106
8424
6692
2469
6025
8024
479
1404
6302
8559
8035
1782
3638
1883
2583
8601
8236
8297
2521
1376
1367
1201
8659
9098
5768
6354
4453
2083
7041
2236
6237
1111
3002
2319
9159
1833
2084
9841
6515
2391
7465
5031
1480
9137
426
401
6082
589
131
3274
1127
6119
9285
5417
4144
1493
6865
4622
2049
8699
5621
2660
4114
3754
7189
3260
2106
4464
4982
4643
3931
8888
9045
7239
5103
6434
2711
2633
588
7539
5434
6307
8834
1220
8952
9283
7035
517
8334
4968
2707
1012
1021
2613
8495
6427
3493
4692
5991
7272
3245
8945
9152
4214
3607
3674
994
9488
5488
6216
5021
8236
948
8004
81
1202
7718
7842
6944
1900
3142
3215
2171
4729
4139
2547
751
8428
4735
684
6886
7705
8688
1933
5411
2449
1771
120
9716
1975
6805
4824
6626
795
4719
7960
1492
4802
5228
6352
3070
269
7484
6550
4297
7989
2575
317
1273
6433
8973
417
7266
1229
5345
886
1690
5771
4021
337
7209
6465
2326
6683
1064
7848
4207
2363
5942
3741
9907
7566
5345
2199
8946
9151
1819
7489
901
2448
3390
4546
3640
9131
6246
6855
9507
9696
1817
837
5461
1861
9159
1939
5202
9341
4752
936
2982
4821
4140
7150
6688
3231
5108
271
9887
5190
6530
2438
7652
3447
6108
8115
841
4733
2983
1139
7431
6772
7507
2372
8247
4203
2032
9177
3453
9724
9385
1809
8949
9570
5924
1575
3426
2992
2290
4592
291
7295
9780
1659
772
4392
1019
669
2868
3806
7817
1931
6435
6862
9314
8920
3470
4727
2069
4346
2197
223
8346
6948
772
3901
4568
2816
5139
7235
4522
6324
9222
369
6920
2055
9865
4662
7581
8571
3277
4441
4711
1435
898
5984
8266
2175
2919
2622
3438
282
8527
8322
4513
5719
5750
5449
7289
7173
100
306
2610
6011
2110
9205
2514
4915
8682
4919
9830
6561
266
7605
2386
6858
513
4166
3249
3519
5096
8794
8236
8924
8015
4449
2532
8585
558
9019
9298
7145
2419
8985
7175
9682
6022
592
6495
7228
3900
4299
2635
9918
2612
1092
8922
615
669
520
5822
5379
7367
2169
9182
7531
5877
5604
2154
7089
2622
2210
6675
7371
4447
7802
4796
8526
6873
7575
4891
904
7822
9121
9948
1753
6922
4035
5217
7118
4219
6519
5976
6831
8200
7611
9522
5466
998
5120
5373
5542
2144
1678
1208
9719
436
2298
3104
3659
4004
4163
9882
51
4575
9740
8826
4692
1799
2067
307
2960
380
5593
17
2692
9922
9849
8211
4283
651
5823
7649
2406
3332
6609
1781
6604
3096
8710
9807
1465
8948
4519
2787
9430
875
8374
1325
9707
1988
28
6967
2403
2559
22
5197
5863
5225
3902
5298
176
4678
9309
8384
1952
3305
5510
1829
3681
5450
3930
5791
581
6034
2564
4999
3903
6535
2079
1055
6614
242
9186
4107
7635
6034
9829
4554
8261
7859
5648
1912
5598
7490
3954
2602
3995
3360
2034
3123
41
6069
8994
2545
8899
2579
4068
6178
4068
1492
7776
5143
9439
3437
1627
3801
2282
1334
2975
1377
2474
3543
1430
2318
5940
9119
9325
2147
4094
7139
3158
8931
1260
7408
6584
5869
5817
6071
1064
5211
1616
5310
7403
3510
5639
335
6446
6586
5514
4560
7470
2646
4226
5528
8203
2356
3032
5876
1890
8714
5573
1062
4106
8108
2165
8031
5557
4121
6586
6652
9600
1409
8392
3856
478
6675
5294
9473
8685
7123
6549
3004
7241
8801
9754
2343
9000
400
3285
5255
4997
6059
5374
5832
5949
7455
7957
7090
8646
7058
8726
8875
8772
9151
8813
5591
9770
823
5965
3458
2215
8686
5807
4662
8767
4964
3760
6703
8474
2432
2557
358
3206
4891
4633
1024
4264
7977
2911
8724
9649
5428
7523
2670
7932
4081
7034
8242
628
154
3956
4474
5257
1340
797
9835
7560
3275
8631
4341
2801
603
7043
8520
735
4371
5999
5315
5640
5831
145
5554
354
2000
8481
1100
2550
8052
8343
771
5080
694
5605
1393
5817
5394
6792
6929
7031
6783
8584
5107
8654
5974
7933
3028
9436
3692
8187
1471
8913
4364
9809
7056
9149
4605
4491
4994
710
6934
6974
3188
7340
549
6593
7025
156
2195
4725
8294
9195
5619
1217
2651
2115
8777
4073
5008
339
3614
6437
9517
2153
6453
4737
5329
7739
9873
4366
5940
8595
6126
2035
6071
5221
3559
14
3302
7121
9302
5410
2380
1233
5246
1567
5071
9920
3814
9190
7360
2473
6957
6588
2784
4350
9534
2453
3821
396
7974
6721
9731
6890
8370
2816
2107
1079
290
6992
6583
6553
7645
6297
7424
7043
6717
7143
416
6522
6738
718
5908
9829
8387
107
2787
7563
9937
4374
1215
4434
8706
4798
4406
746
3953
8106
8052
5556
2883
2559
8597
9521
8449
804
6780
5514
9792
7442
3474
2109
7962
5692
8219
6653
8185
6812
7714
4699
3326
8057
7135
7830
4132
9917
4003
97
9179
3079
4106
9098
2973
8464
1401
9866
174
6614
5819
9590
1844
8791
8331
4911
4914
7476
5846
8726
9808
7915
8617
5205
8425
6266
4394
2426
9924
6975
7492
3839
8632
6321
8410
5473
6362
5990
2386
6626
453
8800
1635
1312
1984
2567
6560
3882
6414
6311
6649
6745
7593
138
4139
4855
2366
4036
2538
80
8824
9623
1181
2140
1680
1948
2589
4660
9322
1338
2049
1220
1577
8077
2626
4486
8022
5308
7798
6203
4919
7189
6981
1367
5309
9817
6324
6366
5532
2844
162
5099
3018
9808
4754
4700
2682
5708
294
8471
2381
6119
1790
4172
831
2975
1326
3560
5691
8321
8091
7422
5909
6016
5352
2027
5905
2885
1063
4414
5015
3863
4522
7964
5438
3225
5239
4818
3393
3772
6509
5064
8295
3268
738
8560
1541
1585
2229
4070
980
8928
6590
6825
6473
4728
3723
1106
1677
9758
3004
4872
2975
6563
1415
5086
5393
5542
2514
463
8676
6066
9122
2092
4037
7710
1753
4433
2184
8423
4266
5767
7479
9774
5251
5997
7462
3002
4376
4213
6678
5792
6173
6303
8989
1948
4686
5353
7518
7102
7310
7776
1119
7760
4106
4149
9095
8641
8820
8694
8831
7519
2937
8105
5354
977
4039
9469
4971
2024
4967
5336
17
7285
242
5574
7538
7031
2339
4658
1468
2479
3845
7599
3977
6210
2519
2087
2137
133
1322
5575
9377
4053
6449
9173
6114
2798
8569
7069
5534
6356
7516
7002
7456
7475
1611
3226
8644
9274
694
4358
8449
2307
9392
1839
563
9428
5063
9990
6400
4515
9649
6624
4478
5716
4076
8826
3664
8153
1926
4996
4020
2160
8035
9653
9543
4421
2640
68
3321
7095
8507
3737
2163
4425
6819
4030
1744
506
3848
7001
823
9314
4329
3839
3484
121
4176
9801
5833
4889
8527
7717
2488
3093
4791
4565
7365
5209
9190
1310
6842
9273
2600
9883
6199
2112
5703
2365
6756
4089
8240
9888
52
7718
5861
9429
822
8845
2261
7114
4861
755
9182
1243
345
6600
9632
1924
4504
9122
6388
3037
9085
6247
9067
5421
6587
9196
505
2603
4404
7844
6847
3097
7842
3133
5644
977
3753
9383
4140
6739
9184
6361
6598
6891
8736
4381
9675
4107
7315
6951
7753
1898
1795
7648
7943
5705
5312
7397
3947
9385
3136
7357
1356
751
2087
9878
9896
4991
3256
1152
3436
8418
6093
7615
940
345
1569
9719
2057
1133
5075
5382
8078
6057
4574
2868
3619
7018
5873
2233
3733
9166
1201
440
7599
2827
5228
8167
6914
8913
6563
2901
2724
1785
8147
4269
9192
3611
7224
5157
5086
4709
5826
437
662
4576
8058
8428
9003
3416
9654
2695
7765
4316
1895
7513
8751
1546
369
2434
7579
5474
8420
4489
6819
5638
9237
3282
8764
9925
3689
4738
2258
1544
2058
6637
6212
9566
6494
4153
5247
2056
6374
7051
791
3302
8169
3037
3077
3009
6478
3424
8188
1686
4857
5618
1156
4809
264
8927
1814
4387
2176
5322
9176
9625
3123
227
8524
4848
4443
2072
2749
2420
4647
7434
7804
3495
7134
9498
8062
2462
3796
3657
15
8068
4536
6552
613
9543
3197
4846
948
7664
3741
7836
7868
7361
9484
937
8685
1837
7017
5518
7927
5970
9175
96
7558
1672
817
8846
4659
2174
750
7704
926
930
400
9085
9018
7114
6093
1396
63
2879
3707
7803
297
8211
3581
7667
2406
498
8750
4585
3309
5395
5213
9165
5286
4439
7230
9360
8792
8827
3966
9955
8067
4297
5195
1815
548
7311
5225
4126
9598
4238
1488
9619
5168
3783
2875
4392
4511
6374
8117
982
9873
8888
7896
6304
2630
2183
7137
7595
7964
1675
7296
791
5902
1853
6413
8163
272
4347
3857
2487
561
7164
2692
3294
2790
3309
3459
2003
8956
6511
1265
7676
4831
3640
3445
1478
1783
4703
5672
2277
6227
8273
5266
705
5319
5144
1706
9093
4950
6953
2564
7799
4003
1865
3178
6359
7416
4894
640
4104
5282
4474
8796
4817
1148
5892
5418
272
2134
8392
9637
7203
4900
9203
1174
5009
384
6431
1366
661
7685
2763
9004
3165
8904
9705
1731
4633
9541
5617
426
8230
4924
3451
1300
5458
1787
8887
2062
9400
4981
6583
6582
7952
4769
3959
4157
8472
6858
224
6019
2243
7700
2565
3999
6302
7000
1561
7701
4205
7232
7938
4988
158
570
4302
6356
2306
9038
2095
2652
2692
3492
2395
3684
8666
7677
4698
354
3656
3864
8974
3734
8793
6047
6587
9184
1548
5203
4256
9228
1738
51
7153
2737
5711
5982
949
4941
3646
1622
368
124
9784
4068
2717
7514
5932
3063
2731
4442
7744
2450
6677
2720
3430
5027
9074
1862
2735
1794
707
2463
9585
4296
1958
703
9997
1097
3519
1977
4870
1256
9052
7229
7688
2207
5927
5525
5342
8893
789
9043
961
4733
9113
992
713
1335
8423
3441
6929
9716
9647
2131
4407
5220
3920
9337
5569
5815
7227
9301
455
1908
716
3938
8253
5523
2505
311
8048
283
9624
4174
6769
6041
4521
6960
4375
7935
9646
8915
543
749
984
3771
5737
8831
8653
3428
2266
4272
628
4907
4082
7818
5260
2463
6988
7612
2596
8859
8724
8704
3321
4242
8663
7340
7777
1798
1729
7682
647
2697
5856
7618
762
757
1043
7446
7121
3733
4549
963
8972
9608
6034
6385
6282
1231
2943
49
4225
829
3037
9983
5841
5286
8518
1229
6138
892
6364
7552
1665
7995
1599
1154
4871
3079
8442
7391
3382
9574
4504
2181
5143
742
8663
1045
4438
5733
526
9259
6394
3422
6408
4593
1953
8712
4230
2795
9809
5887
2062
963
4371
9558
3144
1084
6190
8435
7306
2186
1098
9574
4062
3039
6309
2414
2457
5322
220
8616
1583
2221
9485
2126
2768
6057
3663
3583
4014
3690
3717
9190
5204
8286
2431
4380
8625
742
5188
9144
9772
54
7664
3994
2788
1834
1547
3161
9031
6174
7616
800
9945
7565
1926
4114
9994
3463
3365
5884
94
6039
821
745
4156
1182
5172
3016
8802
5760
6148
3391
6905
3512
8973
7049
5009
8324
465
746
9552
3608
2475
1866
6218
8998
2645
3966
9071
2816
3247
8718
9717
9699
6040
2878
9582
2598
9119
4756
8373
8025
3298
970
1077
4159
983
4470
1540
8173
5605
7608
2132
8895
602
3985
8355
1107
4529
2244
8723
2744
8949
3173
7761
2226
3933
2406
6433
94
2060
1025
1633
7222
1564
7251
5994
8349
284
6866
9303
2014
1929
6181
2784
737
8357
2114
7508
3954
8166
6241
5375
2490
6311
2824
3137
6343
6166
1492
5307
9906
1388
849
7469
2293
7541
4208
2355
2415
4458
9797
8411
6358
5223
1868
9980
2109
4492
3812
4418
9958
1035
3081
302
1856
9224
414
6670
3758
4482
3990
8775
7582
9805
8574
4442
5575
7765
8760
1192
4988
7063
3117
4450
7600
4372
2135
435
1824
5141
2172
8885
8938
8078
9933
8211
381
7954
6500
3132
2869
8211
2356
5901
9252
9253
1264
8771
782
5584
9551
8661
7670
6151
2289
1169
3408
314
548
6881
4202
1154
9933
3694
5167
7770
4117
9039
9752
3139
1296
4589
4932
2816
6410
3443
8731
774
1379
4556
1717
7507
3253
8829
2135
4230
4789
3025
9948
3023
3118
1012
8765
1988
8600
3427
3284
2408
5891
5619
9100
7597
305
5808
5347
5343
8590
5049
2467
8582
8338
3676
8861
8495
4414
7561
1557
1751
7944
8900
5746
8139
6411
1155
1648
3017
9351
6985
9014
7337
9212
971
4613
8855
163
5740
9382
2815
324
7868
4334
4446
4325
2618
3998
9805
3437
9615
1886
7866
2788
7720
9652
2635
5040
9143
740
398
6502
3059
1579
3944
9776
6354
2347
6460
2099
3629
4325
3591
7724
3958
7500
4060
6811
3145
5565
5519
5971
9318
7636
174
2882
933
2506
7234
3280
6535
8342
2915
8469
3829
4475
7721
1344
4157
5129
3482
6902
5830
4371
176
8172
5612
903
6999
9635
4255
6357
4965
4864
6806
3049
270
7604
7536
774
4847
5589
3127
9602
701
9651
5269
788
862
8231
4646
8821
6884
6302
1947
2414
3146
662
1221
7570
7176
761
8414
8337
9492
9580
2242
3608
2128
3208
2086
6131
2025
7850
3553
4937
5781
6534
7980
6203
8808
1998
9456
6787
9931
6672
9201
9694
465
228
8567
4080
8896
9939
9801
6167
7761
9826
7715
5981
3112
1205
6941
9936
5510
5296
1944
9547
8889
4069
5610
8142
911
2024
3406
1562
9420
6504
2931
8635
6585
5758
3855
8842
8059
6317
1985
8710
1181
7051
3593
6926
3722
7764
8712
6777
6161
735
8493
8818
5227
3060
3045
6903
1244
1720
5008
9843
1072
259
5840
828
8154
619
5263
5983
4052
4365
1271
4135
1752
1393
800
207
1040
5929
6316
3631
7078
4920
23
6617
9859
7840
5660
1273
8421
9697
6963
1298
613
3422
7849
5891
5886
1417
957
1957
731
143
8193
6073
1053
745
4099
2408
3936
1694
6978
8983
8064
9820
6260
1133
1267
2527
133
2067
137
7911
3104
7260
2396
2763
7723
2639
1001
8456
457
7380
38
4788
7588
4789
2762
1825
1329
1620
2367
9527
9946
8463
6133
1831
7991
6711
2628
5433
6998
7317
9648
361
4468
2029
3436
9310
2028
3265
2534
7283
1188
1570
8360
4727
343
1247
8330
2874
2875
9974
6217
7828
6660
6527
7681
9978
2542
4813
5380
82
4088
6565
8607
4764
3012
5532
9200
480
158
2596
4440
7864
9110
2889
6011
876
3559
7013
8743
1570
9186
4319
9142
2426
9433
6347
926
9045
5618
2488
4974
4762
1583
3908
8463
6931
1476
3455
1335
5310
8701
1830
1126
288
4337
2510
9249
6932
3711
4287
3493
9575
5828
2573
396
1741
3695
6465
964
545
4551
6700
8202
3295
6090
3985
2179
9998
8336
8697
2182
7217
8712
8609
4311
4150
616
1121
4818
2591
6412
9443
3580
8262
4819
4978
6107
8567
8191
9891
3063
8160
1359
4463
1063
3298
2993
2779
4056
167
2150
1804
1610
3896
6172
4525
6001
3636
5784
7939
758
7289
5681
5133
8057
2707
7333
7911
5847
659
8885
5287
7458
3519
6877
5994
4460
6926
1888
8514
8053
6063
1089
1293
4450
9235
7209
8985
440
9107
1558
7697
6055
1628
7377
9824
140
4047
847
4937
1845
1481
8451
4017
8382
3911
5444
2601
5679
148
4418
6599
6271
3431
473
5192
6676
3123
2836
6356
9820
44
3639
3613
1552
3233
5114
1743
6163
3294
4141
6637
2010
8410
616
2059
6273
120
2320
793
5871
3664
8980
6940
9424
7560
634
5395
2447
2143
4087
592
2857
8568
8992
7495
6229
8596
7340
7704
9176
3271
4306
5136
3914
4598
555
6283
88
3996
8172
2469
323
1760
1091
7970
5452
3891
294
2283
4267
2477
4485
4593
2081
8058
1293
4690
2093
8772
5834
8180
1077
195
3828
5275
3287
5775
5439
3895
469
5687
9190
7999
622
4609
7468
1519
1655
3337
4765
4779
575
1412
1733
2184
8282
808
8053
449
4630
8813
5923
5979
8925
7101
2526
5415
1133
747
344
8086
3474
8141
2827
1707
9932
6006
4483
388
6407
3065
1387
1998
9785
4300
5948
9750
1486
9455
4859
4956
3054
1102
925
5188
3016
2544
5650
724
6990
4986
3818
4335
6125
5467
4734
6038
5652
8846
1200
2990
8256
3345
9683
9936
4399
2890
1767
2973
4948
987
4504
6113
2028
4997
1555
7829
2522
3280
6111
5010
5872
4215
4774
3965
293
219
8438
5817
5479
5965
240
5254
8889
5246
5922
8099
4928
5861
1234
4420
431
3467
4095
9837
7656
7214
209
691
7998
3894
8546
8063
2144
7044
7630
5181
330
7151
6476
5057
8078
9580
1707
2140
2242
9380
2890
9780
7533
8943
5448
7539
3069
3936
4807
8940
68
2500
2326
5356
3320
6940
8572
9932
1275
1000
1345
4384
4064
8529
7353
4277
6735
364
5191
6243
6999
1678
2308
1553
764
594
1439
2136
7032
2608
9211
2006
5331
9306
4813
9079
4045
7582
937
2659
9225
9460
9868
3926
2685
9363
3061
9620
6046
8493
2247
327
6691
9432
4225
8928
622
7137
5220
7914
7921
493
4110
4538
4071
6205
1640
6033
708
9890
2729
8783
9857
5300
5990
5277
162
5506
9857
4670
8549
1250
2384
6517
45
5874
4640
8249
437
8645
4131
6800
3385
5677
7669
2389
6254
7492
6108
9050
9043
6039
9521
3093
2582
2549
9230
8481
463
9755
384
2198
7464
6105
8233
2926
2632
3541
5368
3388
1763
3231
5985
3386
2712
8622
9953
5837
161
8968
1782
1162
101
1200
8620
9744
3686
9708
7690
3865
1756
1906
7974
8128
9427
2970
3230
8374
2201
299
3583
7553
7449
393
5652
2778
2452
4242
6146
1241
2459
9134
7759
2610
4708
1900
3622
2589
7330
441
5039
481
6315
3096
1363
1255
2192
7767
8042
8353
4452
9031
8191
5680
955
3903
5351
9510
9396
1777
6737
2491
1230
6683
4543
4162
3855
3052
3176
5282
1021
3332
8212
7835
4243
7611
5672
4965
9272
4055
170
3813
1119
8467
2428
1239
9520
8286
1824
3625
2976
3884
234
9747
6890
2818
4101
8683
2353
8260
3533
7797
4046
273
8284
2175
5781
1693
7719
9544
1206
7917
963
6357
2364
3184
9670
8563
2637
4272
8438
436
8759
8015
1464
1485
2739
8274
9063
8202
3639
2190
3797
6798
7691
7355
6070
7614
2304
6074
6141
98
4732
8410
3164
7493
5061
3597
8609
634
5784
15
8151
86
6071
3126
4614
3159
6596
4753
293
8238
4905
2445
8965
3120
1711
1322
5176
6594
9639
5036
8137
8094
7943
8211
974
7144
9654
7630
5587
1047
6318
3366
8321
1916
1874
1442
144
99
1740
5321
2768
8582
7573
7381
4973
5466
1043
6717
4286
3931
8870
6864
6183
8364
5222
6629
368
2633
9909
5606
1224
3080
6376
2808
6916
9252
4615
2207
5769
5669
1009
4492
2036
1157
204
1643
1574
7746
5145
2873
7844
4637
8631
8897
6418
908
6279
5657
7243
3188
838
7302
9011
1566
9699
9947
5797
3527
5897
5927
6759
6346
5646
5548
9799
5783
9789
5050
4259
4695
7782
3631
6927
2340
4009
4300
2186
7380
8090
7778
6157
722
8361
8666
5220
5947
1918
6153
4101
3900
3295
5865
9480
451
614
3651
2918
1426
9935
9104
7824
2923
3765
5196
7749
1191
7256
7751
1849
8592
8133
1870
2184
2332
3639
6422
4666
3864
1331
52
1478
3806
564
3351
4000
1200
8847
7088
4006
1020
332
3442
7804
3437
6769
1150
7507
8134
8708
5067
5147
8474
9436
3139
7507
2402
2553
4525
550
1950
9329
917
5467
8918
2681
7736
7518
1328
9401
5459
1826
9552
5095
5349
6572
2635
9794
8354
1071
8801
786
9149
6672
2137
1112
7581
8878
3942
6310
5261
1211
6791
8615
3807
2763
295
940
6381
1415
6108
974
2799
1061
846
7551
3761
9480
2727
847
3778
8331
9200
3879
6895
4375
6950
8862
4851
843
5138
2932
5155
6510
2356
8081
1347
3322
4610
4979
8387
1458
5772
2594
6417
1483
5283
5895
4777
4789
2921
117
4841
4679
5218
913
9066
5611
2267
9005
5507
8549
6847
4588
124
6266
1243
2039
1627
2194
3753
7124
5715
7444
3128
9118
2247
9099
518
3337
3854
5194
5046
702
8748
8718
6651
4231
6461
3863
5881
9968
5737
2500
8410
9758
3144
5936
1110
2267
9098
3909
935
465
4071
6742
5723
590
1180
3727
203
8816
924
2714
6348
7230
9888
3506
9828
2778
5960
1833
1069
8549
2992
945
3041
751
9806
1286
6354
7744
2055
5610
6075
5141
2591
7722
2506
5287
5294
8315
5365
748
3833
1152
2558
4403
1466
4418
1092
9574
4577
1788
1955
4139
9756
9484
9795
8993
4234
5781
3540
9613
5079
5499
4642
8237
5023
8804
1035
4527
6273
6269
243
6730
2590
150
8383
4379
3166
6829
5352
1356
6996
5642
2617
4157
6666
2051
7778
7212
9244
4908
1897
2983
2261
7463
2643
4196
51
1575
6723
8240
8188
8465
963
814
2300
7931
5848
7893
5208
7173
6777
8446
3181
7835
8074
5093
5365
5559
8657
2204
9787
3604
9585
8855
395
4209
2506
8662
5836
5548
7594
3501
6460
518
3609
217
7614
963
6734
9196
5257
3537
5490
1834
242
5768
411
6710
382
6329
5990
6316
3070
4933
7112
9320
1351
9051
1322
9995
4241
8754
3172
8476
6172
1061
6815
3219
7476
3261
776
3306
6611
3980
8617
2686
1867
5278
6939
4554
7644
2552
2883
8326
6861
9783
8803
8598
4008
8261
1383
4418
6578
3162
1487
4886
9444
8801
7221
5360
9222
1600
416
280
987
9773
9349
6823
5245
2162
3419
845
7199
5967
2015
8545
7500
4810
3232
846
4321
8184
8376
2744
7514
8576
5727
3369
3877
1446
3705
5934
7651
9884
2267
2552
3843
6035
4996
230
2817
8514
7336
4232
6831
4170
331
5048
875
5445
7566
7948
3497
1172
3157
5439
8377
4485
3976
6833
4741
6959
8195
5110
2678
1527
4063
2764
1470
4681
7335
3398
8155
9431
4355
3766
4206
6111
8367
3236
7565
8467
1927
8408
5205
9727
8377
693
7838
6287
8863
7420
1966
7446
6311
8156
5347
439
5957
4039
9108
6339
3393
913
2641
4982
8551
4485
1563
2292
4587
4933
162
6934
9839
8368
5569
7201
9104
8673
3023
5478
5018
164
3096
3290
1635
4202
704
8792
4143
466
2641
3808
8694
4125
3789
744
2665
1355
8761
6813
1066
9696
1931
6804
2967
4551
2744
756
5109
1625
3889
8458
6413
1113
699
1138
6200
4222
3516
3321
2741
8359
5898
4329
317
1384
9501
7147
9407
6531
4015
3322
7073
1978
6611
4789
5437
8910
9781
4400
7534
3015
175
7527
4949
2488
7901
7470
3489
5410
8302
9383
7309
5944
5530
9854
1644
6855
4349
733
1369
7821
5547
3059
6965
9824
6398
1419
3215
9477
5396
1823
6926
3277
6494
4515
1795
8569
8422
3733
3567
5958
3066
3380
434
7834
262
8069
7438
9133
5066
913
4519
9712
1678
2965
1850
1786
2432
2162
5328
3838
6542
112
3398
1511
5588
2626
2770
5375
6191
5636
9570
5650
2450
1507
6413
4827
5610
2064
4801
3887
5220
8274
4344
9679
9592
6819
131
5502
345
4709
4953
6237
9451
3701
6736
7979
3297
8804
2723
9897
1483
3334
8428
4524
9017
9558
3808
4870
9912
3188
6931
203
473
6934
1361
501
5120
7812
4481
6896
9643
8429
476
8915
5998
7317
7090
511
3146
8621
8329
8189
3856
3320
1087
1247
3058
8040
8171
6170
353
2093
5127
4872
407
8116
3233
1904
4928
3687
8724
8038
9636
8904
1118
1074
6256
2749
939
9407
7106
3722
2482
6102
8536
6935
4045
2568
1838
4261
816
6977
2105
3301
8997
6008
8559
9589
7265
4500
2762
8269
9851
8192
3772
3824
4737
4359
2037
1877
7084
6820
523
7800
1248
6934
7966
1282
3384
4765
1233
5272
81
9932
2852
5499
1703
7309
1187
6154
5142
8011
1379
3027
6723
9827
5135
5663
7971
6296
3201
393
5682
8580
9755
6883
2276
8729
3760
6005
1890
7533
7238
8276
9523
5062
8475
7332
6821
1642
217
876
5037
1496
7656
9857
7366
9958
3746
2839
8695
3089
1362
4678
3274
2652
7825
1391
7342
3448
1575
7804
3650
4557
7293
3131
8851
6015
8638
8643
5232
1514
7307
8504
7606
1995
7843
2129
2977
4424
615
815
5491
9075
4180
7150
8084
7134
1063
7958
8637
2397
889
9394
7700
1050
6620
5872
9727
652
3932
7163
5534
7070
6036
9285
9699
5878
4983
3059
5488
2756
4256
1169
6212
2286
8115
2198
3109
8180
2113
9484
7802
6730
747
8640
4050
4904
4711
440
7383
2937
7636
9002
8474
7941
6428
2432
9658
4184
4858
5416
3259
6959
6572
7133
3683
4876
6800
8305
1850
770
66
931
6482
8991
5207
4493
1420
2759
5537
9120
1779
9685
4578
3345
2742
6265
8937
7907
3987
2774
2071
9049
6052
9555
3142
1370
6570
8142
6794
6068
1541
261
6157
9069
9865
1638
9099
269
3111
767
153
275
2494
1342
1083
2437
9876
5890
8194
6831
3232
7575
8356
8404
6622
6549
3766
2557
4602
6378
9275
8955
8234
2125
645
2852
1222
9530
66
153
9788
8039
5262
6877
9709
1043
1903
9788
291
6154
4982
9109
4513
4390
5273
9874
466
7753
9694
8411
3661
8513
7794
1683
2677
2687
9199
5695
162
5301
3548
4493
7732
2134
8086
5681
6618
4322
1667
7394
9942
5737
3789
4819
2095
9134
9220
4676
500
8686
7525
5790
1971
7861
6894
632
3719
9712
260
3212
9935
1378
3216
5476
4584
6620
8394
4984
708
6831
57
7766
3227
8585
897
1819
2355
207
7699
1791
6448
6762
5759
5991
8851
3783
9247
554
9098
9555
6668
9161
2523
2454
44
5680
5967
4572
5208
1384
768
70
7826
3074
1117
1801
1693
2112
9861
8043
4238
291
5522
4580
5441
6372
4333
2732
9450
7223
2419
8103
6762
2639
5784
5843
7184
747
8462
2364
5561
5066
2273
3471
4272
646
7806
5354
391
1464
1590
2410
1498
3862
5053
6219
9160
4036
6911
2387
813
140
9276
2620
6160
9860
8185
8638
9910
8288
5430
5744
6871
6074
1011
4930
5629
1533
7139
265
1657
2729
4121
2910
6982
5669
7693
597
5479
3874
4865
4694
7988
2087
2439
9333
5292
7746
469
2413
3126
6979
7477
5599
5982
6346
9893
46
8763
8803
2319
1231
1981
275
1660
2022
5016
3321
3737
9510
2190
5083
7936
3850
228
2217
3697
5875
8925
9627
7983
2365
4219
4858
8136
8929
5033
2716
8756
594
6686
7073
1271
5217
6529
5185
8831
513
4492
9492
3730
6973
5497
8039
3142
3379
948
9648
3980
9929
6185
7622
5205
6403
59
7699
7854
6572
6611
7284
2355
8031
2666
555
4709
9950
1066
31
2608
3507
7432
829
4385
4981
8658
7782
9735
1664
3850
4814
5582
1419
7143
510
4828
2191
6142
1026
2129
1387
6445
3649
2575
1872
9041
2195
7572
555
2373
8333
1885
2005
2532
3319
3511
2176
2637
6188
6225
2529
2213
1335
8622
1471
1555
1403
4308
5722
1325
5975
4586
8447
3666
3054
2247
5326
2788
216
5562
37
9049
3528
6456
3546
4910
627
2780
4060
9023
5255
8662
4635
4099
4712
1469
5350
618
9409
8191
2623
1371
8880
3242
3880
1579
7281
7274
181
6153
548
2884
7659
849
4293
6207
2866
5753
4472
4642
4266
6855
3121
8701
6941
9305
6223
7297
5132
9735
4574
6147
4825
3171
3025
4080
6767
2032
6496
1041
6769
2798
1979
6920
4459
4323
6462
4743
6187
9819
402
9176
4420
282
9606
2700
953
5906
1255
131
8453
6216
7970
9957
4469
1315
5955
5348
4198
831
7284
4755
7089
1058
4848
8082
1262
4856
5861
3903
2932
3984
9588
7645
8261
4343
9233
4916
6127
5550
1221
260
4353
6668
8615
7581
2527
4634
160
1349
6710
3112
7019
6833
2989
9107
1295
3873
1472
7662
8870
6499
478
5454
6486
6081
2308
9516
1437
4014
9150
5015
1366
4997
4380
3055
2498
9324
5627
4434
7990
3870
2943
9273
6516
2402
7086
5405
404
5167
3238
1190
6338
8242
1698
7614
5736
6223
1580
8351
6739
2927
7676
1634
699
783
961
4692
2482
3397
5849
4283
1741
9382
1366
2909
1923
7844
9688
8315
1160
5062
2038
396
7058
2639
5700
1796
5032
6929
4964
7648
5448
2438
6260
9868
3394
845
851
9828
1508
3832
993
5557
3222
1774
4642
2072
6993
677
5370
2387
1412
3432
8139
8011
9700
4929
7396
2536
6552
4546
3868
934
4449
7482
4073
1994
5547
8580
877
8581
5911
1780
2813
3309
9900
234
3805
6553
3155
5798
9997
8297
217
5498
6304
222
3122
7396
1589
5517
5303
9876
3608
8288
6624
1369
9216
8988
2012
6805
5293
7857
1208
9514
956
9516
5681
6088
7561
5593
4629
9918
3259
5222
9499
2904
4138
1493
7035
5563
7410
3735
4069
1405
283
7249
2766
6964
7043
6316
5520
3161
3885
9481
473
4319
1919
3192
4121
242
4474
4647
4171
7452
8208
4133
97
2023
682
7840
7212
8562
559
8493
2846
9648
8821
711
8724
6897
912
226
6321
8527
1855
4436
9189
6188
8125
7127
9714
7089
67
7736
9438
9324
8925
5077
2321
6812
3167
6722
9247
7107
7637
7313
131
8909
382
5016
1263
4544
9497
8561
7410
2768
2503
8395
1468
3890
8888
8559
3854
8164
9463
45
6133
3891
1567
9177
9413
6541
5265
5916
9728
6752
1071
7739
444
8096
7144
1274
7908
3224
5528
9891
2748
4269
5140
9981
4716
1575
7955
992
7678
7647
9195
8549
2368
4352
273
3393
5754
6579
3147
1709
7995
6349
6334
8972
549
5123
1568
3548
9390
4721
8953
4803
8303
284
6983
6819
1646
477
3978
5688
6655
899
3881
2574
1368
474
6422
2722
1550
9316
8287
7827
2388
5375
9668
1106
653
2892
1721
12
8231
1723
632
7662
9175
4608
7403
2006
999
2292
2594
9941
8058
9545
4003
5927
6208
9772
4700
3441
2583
4952
8889
4885
8904
6253
6076
2018
3107
997
8268
3539
6610
6155
9728
1481
3725
9391
8728
1168
436
2827
2453
5219
3234
4731
5409
4953
9646
1621
9064
8668
983
8483
885
6286
9155
9269
5869
2546
1868
7128
4946
8937
2047
4710
5917
2150
4088
9872
2702
9897
2247
4215
4041
2994
7084
4642
6857
3364
6144
2054
3390
5780
9877
3005
7185
5044
3146
8492
2809
2725
3383
8666
9143
6574
8933
8397
1672
8428
9964
2916
9739
5642
22
2449
8580
1318
5962
5400
5228
7365
3899
4170
3860
8529
1014
7528
1686
3778
4052
6781
8799
231
6049
5967
4921
7479
2275
569
3661
4977
212
5652
2939
3991
6834
6169
1077
7823
9345
6714
9214
1831
6242
6920
5002
9317
4495
2732
1553
868
9522
994
8542
9880
8217
3249
3752
8287
8419
8834
120
462
7961
4280
6281
3635
3002
6707
7057
6584
9100
9775
1159
24
7078
5871
7261
6631
7703
1465
413
2471
9026
4569
7408
736
3355
5848
3536
762
31
7826
9392
4215
9054
9027
7354
6829
2213
371
3399
6226
1243
1849
7813
4290
9627
2667
5736
3710
9143
8386
9675
9165
396
3666
5364
3319
3819
8407
1383
7248
9944
8668
5543
6327
966
6749
4244
1710
4750
9511
3014
2826
8092
7421
9077
3514
2658
865
6334
6550
4544
7877
990
7932
5159
6505
2105
5882
7410
8889
9913
7215
9829
8562
7050
5989
1007
8660
3751
1317
9763
3375
917
5056
4047
2107
6669
8918
455
3425
204
6144
4242
8672
1488
1187
3018
3441
4807
5056
7127
7220
2877
5689
4045
9342
4513
8911
8739
3943
5110
6381
8501
4102
3354
1702
7110
7301
5447
3383
8362
6053
8483
4811
1853
144
777
1665
8899
9634
2922
9653
7226
5391
3222
5815
2056
748
9533
8445
44
207
3852
1493
9814
895
9675
7862
669
7686
1240
7724
4162
7778
3900
2165
4570
4324
87
2892
3110
1583
8252
7069
628
5445
3589
5100
4170
3307
7459
5486
1472
77
6984
1465
1427
2205
1984
3962
7492
3399
6720
1409
3440
218
290
3666
982
7344
4345
7819
9880
2779
2499
7208
8773
2300
1800
1691
4470
4489
2513
2248
2572
4596
4087
750
3964
151
3243
932
9189
3778
8797
3491
7029
9174
6886
9060
2677
9358
4556
8239
3549
4862
6575
4754
2740
8418
569
9977
1949
1918
6691
6623
3898
591
8972
8527
1044
3068
3849
5548
7079
8094
14
6423
8652
234
6608
8452
3156
2023
4156
5407
7949
1346
3337
6235
4499
1736
1205
3537
8116
621
7706
3835
9582
1295
627
7381
3598
9556
4899
5771
1667
4250
2046
6633
4038
9267
8568
6245
6633
2589
8993
1285
9444
8958
785
2127
9271
3801
5641
709
5679
1506
6303
3709
6104
5809
7841
1161
3042
6436
1077
2945
1406
9661
5978
6911
8289
4612
213
5094
2167
780
4612
8027
526
5972
1172
7497
5344
4356
7108
3638
6092
4007
1268
8767
2213
5572
3392
5022
7888
9614
1542
8430
9886
4645
6600
4210
5108
3478
2955
4221
7961
7781
2723
5257
3480
6234
3721
4721
8757
6511
9451
7277
8425
2168
3824
4622
6462
9006
3885
6838
5329
9892
1980
3505
2070
3088
6002
1742
4576
9352
530
4242
2309
7743
7696
1077
6901
6748
8057
8260
6126
2091
1399
1648
1037
9440
1466
9606
1942
3083
37
8648
4109
6493
3530
9148
1991
4554
5520
4002
9075
9588
6244
9346
9135
6447
1981
7956
449
6371
757
2609
3259
2743
611
4600
3988
2556
639
3733
8237
5958
4413
5085
831
3968
7184
8109
709
7847
574
7889
4154
1304
1050
1037
4556
6939
2104
5023
5299
9524
2269
2752
2087
2730
9325
3850
5434
3809
7995
8505
6180
6991
1705
8997
1689
191
3668
4214
1407
4370
8642
5586
4519
140
9226
3859
8464
7613
5954
2832
362
1745
249
8032
2246
5818
1682
967
5457
9694
261
8552
2941
9424
1575
4562
4462
6939
8940
7993
8628
6662
2315
5059
4559
1848
9583
185
5696
429
5682
4439
729
2224
9695
323
4440
4203
2949
9348
1175
7424
1007
1868
9054
8302
4869
7903
9347
3959
4799
3557
8922
6410
7942
7769
632
7656
6487
3068
5752
1656
7288
3824
9529
4387
6948
9160
1252
1665
8670
5541
8597
5522
4658
332
1590
5085
6582
7188
3626
5857
173
1265
5049
4410
1774
4976
9188
2916
8588
301
1984
200
7472
5873
8906
5878
1555
1800
5166
1111
4750
2896
4717
6631
7463
5497
4942
825
6525
8293
9502
3042
454
936
6075
8462
7519
607
9122
8894
2372
960
9830
2650
1162
4513
9526
596
5164
7676
7467
4129
6961
1210
5926
9944
2992
9632
3748
6644
9832
769
8737
3290
8444
9432
6187
3615
1267
1217
1937
8504
7486
6253
2952
510
6243
5761
8638
6541
2520
8231
8758
4479
8156
9705
3412
6866
5297
5231
6433
3004
2591
7218
7312
3919
2152
5071
7089
6906
6925
172
2684
1614
6304
763
8299
426
