69 96
82 70
71 67
20 45
79 8
66 38
76 46
47 10
78 91
76 12
3 99
53 51
62 56
45 69
31 85
6 18
70 5
70 4
96 22
53 64
3 78
86 8
55 14
74 14
85 65
100 73
15 91
80 63
22 59
4 97
31 50
22 29
66 1
18 23
17 51
48 44
14 3
75 47
84 19
31 38
77 54
26 50
79 37
73 36
22 86
25 91
76 13
16 80
14 30
1 100
71 36
58 95
27 85
9 47
85 12
97 57
31 30
87 92
77 75
7 45
63 11
29 25
46 39
22 98
70 33
57 70
50 57
20 12
95 28
59 90
84 24
20 67
6 59
94 37
33 81
13 9
11 31
71 77
86 72
47 19
100 82
32 92
33 3
42 69
34 30
71 5
3 91
46 60
93 65
75 3
76 26
49 28
19 13
57 52
7 100
11 65
91 31
36 51
4 86
72 50
86 74
74 13
67 73
62 4
23 44
48 22
21 99
9 78
7 34
69 4
59 47
88 13
84 45
40 33
83 68
89 4
97 72
85 97
51 21
67 24
66 77
49 21
69 55
99 6
69 43
60 80
66 33
14 2
11 6
51 78
70 48
84 73
47 36
40 22
7 63
67 98
79 60
35 17
9 75
100 60
4 49
77 47
53 8
65 35
72 39
56 39
17 82
74 9
66 39
9 41
16 16
76 51
84 94
20 49
36 96
77 18
64 4
7 31
19 35
79 71
32 16
19 45
99 10
67 79
27 46
4 2
37 27
7 8
11 34
38 76
92 45
59 33
24 25
35 90
92 6
29 89
20 63
6 30
21 15
62 60
33 7
70 27
8 55
68 100
57 93
97 74
22 87
10 33
32 96
91 89
17 30
88 46
28 36
58 78
32 7
53 15
69 56
34 57
23 92
56 57
87 59
4 20
77 98
86 23
39 20
82 35
11 38
63 91
75 77
41 76
41 78
66 66
37 29
82 28
41 26
94 6
41 6
89 90
62 33
85 51
25 24
78 71
41 37
24 97
14 11
69 82
55 18
34 49
79 11
19 34
74 4
33 47
24 52
52 60
60 65
65 25
52 51
70 84
13 32
18 79
2 92
72 85
99 16
65 63
30 100
99 92
82 54
7 93
18 64
47 73
60 1
84 74
76 47
6 11
95 84
8 34
27 41
59 43
78 66
11 24
41 62
66 83
24 81
60 46
9 79
22 92
74 84
59 39
22 46
17 20
65 11
60 32
50 42
33 31
58 90
90 83
78 39
23 59
43 19
43 100
91 100
94 57
35 81
58 8
42 56
65 12
92 4
69 33
9 68
50 34
46 99
49 48
61 62
45 79
3 98
35 49
14 78
34 83
25 89
26 67
34 70
21 96
62 23
38 87
39 35
42 74
28 62
26 14
89 81
2 18
11 93
19 44
12 78
97 29
69 16
48 65
68 67
62 38
35 73
66 82
19 39
81 23
55 2
18 25
1 73
18 85
54 70
61 1
74 1
37 69
70 36
37 45
18 18
77 4
100 59
26 30
67 95
22 88
84 14
5 55
43 78
56 53
35 72
52 53
85 57
36 63
46 63
46 79
20 69
80 56
47 79
90 64
29 88
65 32
68 31
10 44
96 60
37 88
42 44
73 8
39 77
78 36
13 61
12 70
56 73
14 45
93 31
96 30
74 90
53 36
63 49
1 29
53 59
79 93
17 8
26 48
95 94
5 35
78 20
55 42
55 39
84 11
45 20
93 40
93 21
58 22
80 62
5 37
44 9
24 26
86 16
48 57
2 84
39 34
65 64
6 100
73 77
32 48
72 24
58 39
49 79
50 25
85 31
88 8
70 10
63 92
21 46
38 50
79 96
29 74
59 9
44 15
56 31
76 71
81 11
24 5
18 35
93 18
76 41
86 78
80 13
92 40
8 42
75 34
14 68
99 40
86 73
56 5
72 79
17 84
62 97
94 4
45 50
41 27
56 54
7 39
68 90
97 42
3 2
53 25
18 91
45 62
82 40
69 31
10 7
30 8
66 97
14 85
45 36
48 5
32 47
14 56
57 28
63 98
40 14
57 91
82 83
59 8
85 74
28 73
39 24
16 89
72 38
9 91
16 39
68 55
85 36
80 74
12 100
92 36
18 47
25 30
85 10
64 24
11 53
48 80
38 44
82 14
51 68
5 48
70 13
60 19
90 8
50 48
6 73
68 27
65 72
26 37
27 31
19 78
59 40
48 98
57 77
21 26
55 78
28 37
96 82
69 62
97 80
52 30
70 91
3 90
34 25
11 2
20 8
44 98
30 69
82 59
75 90
22 28
52 78
45 18
71 46
20 26
99 14
34 53
58 41
75 73
82 45
72 69
36 9
28 57
51 41
36 50
22 1
45 25
88 20
64 27
37 84
90 10
17 69
7 29
81 50
55 67
73 31
22 39
61 14
48 2
14 4
11 23
44 89
89 52
79 38
18 62
5 61
29 12
72 45
100 7
23 69
27 79
42 86
52 19
41 89
53 69
37 70
74 20
32 22
6 84
41 40
76 100
52 93
14 65
6 27
80 51
99 4
44 34
28 26
92 85
25 64
22 49
64 35
40 7
28 24
5 85
2 29
12 71
57 59
54 97
88 39
62 43
36 66
24 55
55 77
46 6
98 36
7 75
7 15
41 82
1 24
14 77
40 36
31 72
21 98
65 46
80 84
14 82
65 82
30 63
41 4
63 95
60 8
63 59
88 78
88 48
2 79
30 22
67 41
19 8
57 37
20 73
41 85
8 16
34 63
100 77
24 18
94 47
44 77
44 5
81 72
23 10
6 31
88 41
25 67
50 96
39 8
98 99
87 33
80 21
70 26
98 51
2 74
55 3
13 39
64 82
83 41
49 7
50 30
96 19
61 53
25 88
42 43
84 33
5 27
18 58
39 78
30 59
48 45
60 52
8 19
60 83
3 34
70 82
42 1
24 7
1 21
75 33
59 44
45 77
47 96
31 99
93 45
49 80
89 48
66 54
64 48
34 98
2 44
94 100
53 74
17 60
45 97
22 77
62 82
48 85
97 51
30 31
90 4
93 50
69 73
17 71
32 75
76 15
71 88
34 59
86 59
71 65
52 29
76 6
68 19
11 48
27 28
96 17
95 16
52 75
40 92
30 5
8 17
56 3
51 69
35 8
39 43
12 27
46 16
13 81
63 12
31 94
84 84
85 41
64 85
6 72
4 64
52 5
24 14
65 49
1 3
95 2
8 18
90 22
20 88
12 9
80 79
34 92
84 7
97 61
96 54
65 65
11 66
96 32
22 97
11 85
9 73
25 95
67 46
36 93
31 57
60 60
99 18
52 52
18 21
71 13
70 87
26 78
99 69
83 56
75 86
99 30
99 81
6 39
78 72
46 32
53 79
100 29
96 31
55 4
30 61
96 3
1 28
2 17
89 36
90 49
74 29
88 81
48 17
73 50
32 89
86 42
6 74
78 38
99 38
12 24
17 14
27 67
32 90
63 44
37 22
5 70
16 87
90 35
2 89
97 91
6 62
77 68
63 68
60 70
23 61
93 71
80 58
34 66
2 12
6 38
27 88
84 48
98 14
53 35
43 39
55 81
90 82
25 84
48 72
73 81
31 15
45 94
73 38
5 14
83 8
42 35
52 25
19 84
64 44
71 69
43 96
20 39
22 100
6 60
79 14
77 22
65 4
21 93
79 55
39 61
9 31
26 96
48 95
56 82
65 40
84 15
2 77
68 74
33 72
99 60
100 57
79 2
23 8
44 99
46 94
23 94
32 100
47 92
73 39
39 16
55 37
47 80
91 97
7 62
68 41
32 29
63 2
36 18
29 65
23 85
12 56
61 8
2 95
64 5
53 67
77 3
1 71
55 10
22 5
78 22
43 14
36 73
60 55
37 32
78 8
79 29
61 74
38 78
45 55
88 57
36 62
32 71
39 97
52 13
70 50
43 69
42 2
58 64
11 37
92 10
14 50
14 16
56 80
4 35
11 77
4 85
85 54
12 60
100 1
18 12
98 61
88 52
35 46
89 26
5 10
48 34
5 11
10 72
74 11
61 6
49 50
80 68
78 25
71 86
86 56
34 4
4 10
93 62
41 56
68 50
78 15
48 24
4 24
38 8
26 21
4 51
52 59
67 60
98 62
76 28
28 89
21 55
24 42
34 35
45 85
25 27
79 31
61 18
24 61
93 36
78 78
64 94
65 2
37 9
86 9
98 38
26 100
59 60
67 15
55 97
98 76
24 65
98 24
6 23
68 60
9 50
40 10
7 57
29 98
2 10
24 10
91 81
100 71
51 70
60 57
42 30
96 63
93 9
14 100
86 31
33 36
38 41
59 38
81 27
71 92
9 53
18 52
36 13
1 13
32 27
14 98
32 70
43 22
78 55
61 64
83 78
74 53
21 44
69 90
34 2
9 3
29 20
68 92
65 1
72 1
10 80
76 10
76 16
35 82
40 76
42 82
46 47
21 50
95 46
74 34
70 47
20 22
2 35
23 99
29 90
100 52
52 24
55 28
84 30
80 88
42 34
12 61
42 79
46 84
60 37
73 4
91 22
85 35
47 46
2 28
74 98
72 55
70 55
10 19
24 33
40 81
3 26
13 42
44 3
79 35
97 32
59 17
29 24
89 15
25 36
61 61
15 39
56 19
6 52
94 46
87 51
38 27
55 61
45 83
11 5
17 1
91 82
8 84
42 41
92 75
47 13
79 42
74 5
85 13
98 6
47 100
32 15
34 100
27 9
58 86
60 62
18 93
70 37
9 69
29 16
13 8
35 28
10 61
42 9
27 77
2 97
21 2
17 7
61 19
84 59
79 44
73 44
58 93
41 96
6 17
24 31
96 61
58 60
95 91
59 62
26 36
67 81
30 77
71 28
89 86
10 99
98 46
36 95
55 47
40 56
98 18
60 81
55 57
4 19
21 78
59 4
63 42
46 14
2 64
43 64
11 91
10 36
51 52
6 86
21 41
97 45
13 51
28 5
12 96
39 13
70 18
73 37
87 73
52 50
45 38
76 82
18 43
28 16
78 49
4 73
11 52
27 50
100 10
99 13
12 97
30 43
7 55
2 68
63 29
95 51
80 8
52 17
55 13
81 66
99 36
39 22
63 43
27 59
88 97
58 71
6 15
100 87
54 4
8 68
97 76
83 61
20 9
6 83
63 83
6 42
36 24
95 39
91 2
71 56
84 97
70 59
37 17
16 37
87 6
47 6
98 12
61 26
25 29
70 56
21 24
78 45
11 81
17 99
76 17
82 50
3 94
22 20
75 97
34 74
11 45
28 13
31 33
99 77
22 70
38 24
51 56
27 19
22 82
24 83
36 75
91 53
83 30
37 46
45 13
8 57
98 81
11 22
51 25
20 96
9 92
66 79
100 63
10 96
10 91
2 53
60 71
26 15
5 36
50 95
31 83
100 86
42 33
80 90
11 59
11 40
23 12
63 8
10 40
46 30
59 31
58 48
70 39
62 91
23 89
76 19
92 67
45 81
50 80
70 79
3 55
15 11
12 30
22 19
99 46
31 48
10 87
94 97
46 95
22 12
64 81
76 92
10 98
31 86
65 38
24 95
67 97
94 98
65 93
63 63
57 49
40 93
81 20
96 44
58 46
69 10
16 56
100 91
76 4
43 66
69 11
41 16
7 2
1 15
80 92
92 88
4 58
79 45
13 17
80 76
91 75
46 12
49 77
26 65
86 12
38 15
36 19
68 10
59 45
91 67
43 49
48 42
19 81
99 56
12 53
24 32
12 91
68 32
61 3
68 87
6 47
73 85
92 71
69 77
40 87
35 94
57 36
81 16
34 33
1 39
48 82
18 65
3 68
20 84
53 7
32 79
40 82
11 74
88 71
25 65
24 29
90 5
40 94
32 25
14 22
60 34
1 19
70 20
58 98
35 50
11 100
51 71
56 50
94 84
35 99
24 35
79 92
52 20
53 86
23 28
20 80
38 4
93 88
49 20
6 55
89 18
51 54
25 18
74 8
22 51
18 82
79 75
76 93
46 56
77 13
56 42
39 73
1 10
43 7
90 63
91 30
37 58
91 55
52 92
97 6
94 24
89 91
43 97
43 77
92 37
79 95
51 93
100 9
66 87
52 69
94 76
8 38
3 35
64 18
38 20
68 9
69 13
36 16
91 4
5 100
81 40
85 93
15 42
11 7
74 54
6 16
12 69
1 81
40 66
33 18
57 2
65 36
78 14
38 10
53 84
35 86
65 21
61 63
70 30
100 61
71 45
98 42
69 84
6 53
60 64
54 35
27 11
36 56
33 5
62 86
20 60
45 15
1 5
31 82
79 83
55 98
36 97
25 83
84 41
24 63
75 92
72 52
96 8
52 99
4 79
82 85
22 2
73 68
68 93
95 92
55 70
21 77
60 96
20 15
39 17
53 43
72 76
59 26
7 68
100 90
92 5
97 40
78 11
11 21
4 50
91 78
30 95
33 96
89 24
49 74
5 12
29 42
64 70
45 30
79 82
31 34
91 45
66 73
17 53
29 39
97 79
21 4
34 75
84 35
51 18
82 55
8 58
67 36
28 58
83 97
97 25
68 26
32 49
79 66
88 33
37 35
58 74
13 94
19 76
98 13
73 59
5 58
94 48
83 67
67 21
100 96
28 56
84 63
75 44
73 61
24 9
49 12
75 82
33 79
50 98
83 64
15 100
84 25
40 17
61 48
22 22
96 58
71 93
82 19
11 32
52 49
3 96
61 36
30 34
83 98
80 98
52 15
42 81
12 46
77 45
78 100
1 32
66 80
19 56
71 33
10 3
87 22
50 72
23 19
100 24
54 53
81 71
21 16
29 63
79 65
18 44
57 32
24 23
69 63
5 86
5 44
41 31
12 40
11 47
33 58
17 97
18 68
96 14
57 78
58 6
21 52
2 25
57 18
91 37
13 66
17 35
2 71
24 11
84 1
48 40
19 5
36 67
5 19
82 95
1 4
21 13
15 63
40 27
50 66
36 11
93 61
84 76
74 36
61 33
91 6
53 80
86 69
39 9
14 66
99 8
63 71
74 100
69 32
34 20
76 98
96 73
72 32
94 93
38 35
63 14
99 82
29 41
91 9
42 62
35 21
48 89
31 23
78 54
4 78
76 78
44 1
66 63
22 58
100 38
35 69
25 58
61 49
81 10
65 81
39 74
67 67
62 15
33 45
91 57
12 5
69 72
87 28
23 56
54 32
41 41
19 94
51 50
90 84
48 91
21 65
40 48
82 16
98 75
32 53
44 20
90 28
8 73
76 61
83 75
62 26
53 89
77 9
78 44
70 54
30 87
66 9
43 3
22 50
42 98
81 69
49 5
9 10
29 59
5 69
32 21
72 21
72 73
33 71
25 79
39 4
56 40
31 68
77 63
98 63
2 34
11 49
22 56
30 96
70 72
37 59
31 44
25 28
33 86
39 44
64 34
83 15
4 87
49 81
28 99
32 4
71 71
97 56
77 56
83 100
11 20
58 32
75 6
22 38
45 4
68 37
52 56
62 73
93 95
23 83
38 48
1 79
77 29
39 29
65 57
39 63
79 87
29 29
81 81
13 59
4 62
55 90
92 89
63 37
32 11
71 29
70 75
39 18
73 33
34 81
35 2
47 84
71 10
22 3
56 81
47 94
30 52
7 36
59 42
84 12
84 50
31 90
50 50
12 62
89 65
47 67
13 19
37 2
68 28
58 51
24 21
72 86
7 21
53 6
84 95
29 62
79 22
53 88
77 21
97 99
37 53
30 41
79 15
27 75
32 32
1 9
3 13
99 86
6 20
9 70
11 17
59 92
87 10
68 52
95 18
21 61
1 6
67 30
69 12
42 57
8 97
43 26
53 38
88 18
28 25
26 32
66 92
37 74
53 37
87 62
71 100
41 50
72 66
36 87
72 27
18 19
40 80
93 60
67 80
42 23
4 8
10 30
42 51
73 64
45 48
92 38
4 15
15 87
93 46
81 79
92 92
56 46
24 12
60 40
17 17
66 20
81 59
100 83
97 75
27 47
97 97
96 16
5 45
5 33
74 76
97 59
88 38
39 65
16 57
95 25
67 48
88 10
22 9
79 49
3 31
29 30
95 5
17 27
98 47
16 14
44 7
3 72
10 17
9 82
53 34
27 51
41 10
87 69
31 93
94 81
87 15
49 61
2 87
84 67
61 88
34 91
85 21
87 40
62 78
2 73
91 33
98 34
20 6
5 9
69 88
67 89
14 46
22 40
6 46
66 37
29 35
77 60
99 9
91 49
15 59
93 23
6 4
60 99
73 13
42 96
92 93
2 13
26 6
50 3
37 79
86 49
10 16
66 17
65 52
29 13
58 1
1 78
19 57
24 15
92 26
74 66
34 27
41 88
97 48
81 38
60 28
40 52
62 85
11 84
67 5
49 32
94 53
91 18
84 23
42 88
74 38
69 70
56 26
23 7
94 51
7 3
9 23
83 69
16 99
69 20
72 3
58 16
17 13
23 98
25 15
57 76
90 97
30 48
41 36
28 4
25 87
93 22
62 76
70 68
85 19
96 7
72 99
31 88
32 14
74 93
13 89
82 66
94 28
69 29
36 38
2 4
69 50
46 19
21 74
79 88
10 85
84 66
81 6
57 22
16 86
39 98
74 31
96 89
71 20
79 78
4 77
93 10
44 73
91 61
80 91
40 60
53 5
25 94
16 60
66 7
89 94
26 73
67 14
53 58
85 15
26 61
20 5
57 23
34 8
25 82
65 33
97 77
86 86
27 32
91 70
56 20
77 28
99 11
30 38
69 81
35 35
69 2
11 98
97 89
68 40
31 18
90 11
48 20
11 64
71 47
23 78
22 11
17 88
83 27
48 81
69 27
32 57
40 88
76 44
83 95
85 63
63 96
26 83
22 42
8 52
7 64
84 79
79 58
66 36
16 19
24 19
94 61
86 77
84 5
92 97
77 14
35 51
94 7
38 58
6 63
36 58
23 81
35 75
21 40
63 74
83 33
16 38
76 69
76 37
7 23
31 24
86 13
11 41
74 86
83 91
8 54
56 49
46 13
31 70
60 25
85 69
83 52
23 31
10 8
13 80
20 65
36 83
71 34
35 27
30 89
48 96
27 99
54 78
62 100
77 44
84 20
4 55
67 10
85 40
51 28
78 88
10 100
54 21
48 84
90 71
12 90
97 60
53 16
12 75
59 77
32 69
84 37
48 29
95 69
7 37
93 64
8 67
54 76
38 45
46 66
44 71
83 7
75 13
98 41
88 68
25 92
67 3
21 67
14 18
37 80
29 79
68 2
30 13
72 23
73 22
69 7
27 53
73 43
81 60
79 77
3 3
14 95
97 86
91 41
61 29
22 91
89 100
98 44
43 36
12 10
72 48
41 94
9 11
30 79
94 63
32 66
18 83
2 67
4 33
90 45
27 43
50 49
56 71
100 36
9 35
20 11
86 87
35 71
92 33
67 84
72 80
72 64
73 76
78 82
43 59
63 36
48 68
1 14
41 100
78 77
94 12
78 68
16 96
80 73
49 45
100 81
6 89
85 42
13 93
1 93
41 33
96 85
52 28
19 36
93 72
82 97
58 20
31 19
3 41
17 95
90 59
14 90
5 6
4 46
86 30
7 11
23 42
77 33
69 41
51 99
33 88
78 83
10 22
32 77
48 32
29 52
49 76
13 29
5 41
86 41
59 49
81 15
62 29
5 82
49 18
41 18
95 6
11 58
49 73
57 46
7 12
42 65
44 70
27 86
44 10
50 2
32 74
5 47
38 43
30 51
92 18
50 67
78 26
19 19
79 1
26 26
60 82
44 26
82 69
39 2
50 18
59 55
35 41
9 97
22 34
94 3
80 33
65 70
89 93
33 56
13 97
48 12
89 70
29 14
65 31
19 24
47 34
71 96
53 12
47 57
51 66
61 67
30 72
23 35
50 99
94 23
29 6
8 25
43 9
20 77
19 91
10 53
57 42
24 22
4 38
7 78
8 21
92 65
3 60
18 17
15 65
42 7
98 45
17 94
63 87
60 67
75 53
71 94
77 92
7 35
63 58
31 77
19 92
15 37
65 75
88 80
78 75
28 76
11 86
46 75
26 55
62 42
7 61
85 26
63 53
21 31
14 60
49 84
51 34
100 39
96 47
53 24
61 86
4 18
12 57
68 39
73 46
13 7
95 82
54 99
52 68
62 68
79 21
88 75
62 83
11 44
36 46
70 34
55 29
19 23
99 64
48 46
60 79
67 83
35 56
4 57
67 77
56 93
6 97
14 24
39 39
9 2
54 83
81 77
17 54
17 25
82 36
30 25
79 30
57 47
51 79
64 63
2 20
98 74
17 45
86 63
94 68
36 86
82 24
47 39
28 29
39 59
70 85
20 4
38 28
11 29
28 15
40 86
34 69
22 43
16 91
87 72
94 32
51 37
60 14
99 17
6 66
74 82
18 96
28 87
80 75
57 8
55 74
91 23
46 59
87 80
28 44
85 45
61 73
30 50
30 54
1 50
79 9
97 82
70 66
31 10
7 48
28 6
8 45
85 53
3 29
36 36
60 9
55 82
9 72
27 4
79 51
92 87
54 64
43 15
35 45
27 36
53 54
79 12
24 38
85 80
18 36
32 88
70 57
68 42
51 35
5 54
93 55
17 24
23 77
51 32
21 7
96 23
11 94
90 39
61 70
83 28
11 63
72 10
78 48
64 56
55 9
83 32
56 41
92 49
80 43
6 94
40 70
96 43
16 61
77 97
19 31
80 42
45 76
35 54
70 71
9 5
97 3
16 36
64 57
8 82
43 40
95 14
85 82
16 28
56 32
54 81
84 2
38 98
92 77
56 15
74 51
9 95
15 15
9 93
16 92
59 72
16 45
20 47
81 43
4 41
51 9
31 46
61 24
32 73
12 63
88 64
97 55
40 72
19 90
26 74
26 22
84 58
83 49
2 37
38 88
66 26
21 66
54 96
80 70
16 82
98 43
60 17
23 15
3 86
6 80
56 16
16 49
85 61
28 82
76 94
47 2
13 27
23 57
23 93
72 95
46 81
57 33
32 19
26 28
39 50
99 3
77 23
97 26
85 77
1 64
46 24
83 43
99 96
9 33
100 12
2 91
95 53
84 81
29 91
51 57
43 32
95 67
100 84
47 66
80 18
30 33
54 29
68 46
54 2
51 33
58 49
9 66
19 49
52 14
7 41
88 58
58 67
66 35
57 97
48 79
28 88
1 88
57 10
61 5
74 62
81 34
56 94
7 51
80 22
30 26
21 82
97 87
46 86
23 65
79 26
7 65
22 72
23 34
1 53
91 68
90 51
41 48
57 64
57 16
49 53
74 97
90 37
56 27
87 4
95 65
30 92
21 3
59 13
96 40
59 100
100 95
72 16
3 40
72 41
63 45
58 40
35 38
76 35
11 76
68 89
38 13
64 39
92 57
54 19
43 10
23 38
29 37
88 36
32 43
20 31
26 76
98 84
68 56
29 57
5 32
71 24
52 77
40 31
67 64
28 55
72 30
82 6
12 52
97 1
84 9
30 83
45 89
54 90
73 91
72 57
58 50
53 19
39 69
82 13
15 54
44 32
22 61
29 15
47 74
81 58
44 19
29 76
95 34
10 89
79 86
13 2
14 76
10 10
11 57
98 40
22 80
30 20
64 54
24 91
33 12
79 3
49 11
37 36
72 26
3 15
93 63
76 54
82 49
49 40
56 47
54 24
92 78
48 67
88 59
11 11
20 99
21 9
65 28
9 88
84 52
16 58
25 63
56 100
76 32
96 75
52 21
92 73
83 29
35 7
5 26
10 49
15 18
95 50
37 86
61 47
15 32
73 26
93 78
24 28
43 95
72 67
95 48
10 51
39 6
42 84
35 68
35 40
58 56
5 38
86 7
95 59
40 83
4 90
49 82
93 49
49 68
1 68
14 9
64 6
93 3
44 43
42 5
95 97
53 21
2 47
54 31
53 87
33 92
17 65
68 70
49 24
12 32
17 43
24 27
70 73
40 25
77 42
84 13
32 56
89 50
31 5
2 83
32 64
90 66
79 73
59 23
59 81
3 1
15 78
14 69
54 14
12 39
35 44
83 77
43 60
78 63
43 88
93 12
27 61
98 39
70 44
46 50
89 98
3 76
100 17
35 33
24 93
78 35
33 89
80 72
49 4
54 18
72 94
42 100
52 76
47 4
73 16
34 42
57 89
46 80
90 85
18 2
57 87
94 72
17 33
59 61
35 22
91 27
18 67
54 91
79 52
3 46
18 37
2 9
73 83
39 94
64 26
37 65
36 40
83 9
81 99
57 14
54 11
1 86
46 5
21 22
100 99
45 31
48 41
87 60
76 40
29 83
37 39
94 36
26 3
9 89
68 33
68 59
89 41
84 54
9 84
47 43
8 6
48 6
74 65
51 53
80 86
81 70
74 75
49 58
16 15
82 26
23 74
62 51
22 55
13 12
100 47
99 32
59 64
31 2
42 77
91 12
6 70
73 74
80 1
39 51
64 76
4 71
72 47
78 1
58 13
12 93
29 96
13 62
10 32
15 73
81 54
68 7
70 29
58 18
36 26
94 78
82 71
56 83
71 63
56 72
97 2
76 43
94 30
40 13
25 34
37 82
63 4
98 70
39 31
39 60
90 20
50 74
86 37
42 25
57 53
41 67
13 10
75 87
97 4
7 28
89 38
79 91
16 72
19 12
86 54
49 35
39 32
63 47
35 10
57 86
42 85
82 86
48 92
41 95
25 80
73 2
23 80
93 89
89 80
48 51
89 73
90 55
13 16
95 61
20 41
23 82
13 95
66 47
29 81
95 80
12 37
98 56
38 77
92 15
32 40
12 48
59 74
51 26
67 8
20 36
99 33
47 81
15 86
51 97
25 75
95 62
98 22
28 35
59 86
80 78
53 14
86 1
63 85
91 35
49 15
70 65
74 18
32 97
82 34
48 73
61 55
12 95
83 6
8 9
11 80
98 5
71 17
98 27
56 33
26 57
94 90
86 50
69 17
2 72
20 17
14 99
86 36
94 52
1 77
95 75
59 89
91 11
16 95
29 22
27 89
84 96
41 9
35 9
59 32
100 79
83 74
29 1
23 30
35 77
24 20
23 13
69 58
62 11
77 81
53 94
65 85
98 16
31 7
57 20
63 19
64 77
87 50
80 47
10 21
68 15
52 97
67 22
80 28
94 29
27 100
97 35
92 44
34 77
19 99
95 66
70 2
35 70
15 70
42 14
99 35
47 20
65 30
1 59
35 97
37 42
39 66
78 18
30 97
65 79
82 46
92 70
31 29
23 16
7 92
47 59
28 7
77 41
42 31
30 3
18 73
68 36
48 71
81 74
76 22
34 12
76 73
38 37
47 9
41 1
6 24
23 23
33 26
43 71
27 14
65 62
94 87
56 64
25 2
25 69
8 99
34 84
35 31
11 16
61 45
32 55
21 37
26 39
100 70
37 47
40 78
77 53
20 24
32 58
39 48
65 61
17 50
77 76
21 14
43 89
73 24
39 1
6 13
47 76
45 99
50 76
63 26
98 65
73 94
85 78
81 83
89 28
53 83
17 57
44 38
36 48
20 68
29 36
54 86
86 2
49 19
90 1
73 10
6 49
64 58
100 31
40 84
78 13
65 55
2 75
96 49
70 6
87 88
37 16
88 61
22 15
2 11
78 9
34 39
83 86
16 63
50 85
28 70
88 91
61 30
16 97
89 77
69 8
55 36
89 12
41 97
13 64
90 89
100 97
73 63
76 50
44 25
19 58
85 52
6 58
57 68
55 80
7 82
1 91
47 23
100 6
45 95
85 49
21 49
79 7
38 5
16 43
18 39
75 17
54 13
2 38
41 25
4 28
85 32
37 62
88 26
24 49
61 57
21 8
79 79
65 8
66 43
96 72
55 52
55 99
10 97
46 11
61 68
73 35
63 50
23 62
73 78
1 83
51 76
22 48
13 69
45 17
57 45
64 7
72 35
49 88
36 10
25 39
67 2
26 11
18 20
78 97
82 44
78 92
34 29
19 97
75 65
60 95
24 78
16 30
50 45
43 57
49 86
7 67
39 67
37 34
95 57
4 3
74 15
41 52
97 7
24 44
86 46
78 62
77 70
59 94
34 32
83 3
90 90
26 94
58 26
3 52
5 16
38 57
83 83
54 16
21 18
99 43
37 52
79 80
8 72
31 49
72 91
87 86
48 75
78 61
32 51
67 63
27 3
67 94
47 41
13 13
32 94
75 100
31 9
63 18
34 37
27 62
52 10
48 25
21 19
86 39
89 1
73 84
71 83
82 56
23 43
83 72
97 11
63 99
85 99
70 19
34 95
48 97
50 82
39 72
47 85
100 92
27 37
34 64
16 64
69 24
67 37
83 65
53 17
21 20
73 11
52 40
20 53
38 25
28 21
74 78
97 18
6 57
85 11
72 72
44 35
85 62
93 14
72 25
16 44
10 81
43 24
78 86
29 66
37 54
59 98
34 55
84 40
86 29
46 48
31 62
32 80
40 54
16 54
15 17
68 34
63 16
59 12
11 67
23 70
34 72
16 35
67 35
7 46
71 53
12 86
44 16
55 34
81 94
27 16
94 9
64 42
38 68
5 68
74 47
41 44
29 32
83 57
87 31
95 79
68 3
40 1
40 85
17 4
20 57
86 51
67 45
90 86
23 63
94 26
30 23
71 82
72 81
31 25
28 34
59 3
71 16
38 52
92 14
26 13
6 43
60 42
81 36
82 11
57 26
53 52
82 67
6 64
34 78
87 97
98 80
83 5
69 67
13 25
1 94
11 26
54 68
89 32
92 86
91 94
39 30
28 65
86 24
43 4
30 88
18 84
20 7
88 31
5 72
44 54
59 67
94 60
3 89
10 88
36 70
68 79
69 25
88 29
85 46
100 18
47 55
67 29
94 75
55 15
58 9
27 87
86 65
54 37
58 94
69 57
7 24
63 77
89 19
69 85
23 95
73 20
79 25
82 42
5 63
22 13
88 54
96 62
16 47
70 46
89 8
63 82
71 66
98 10
59 10
50 61
34 88
45 90
41 7
38 7
5 77
66 57
79 50
68 51
79 23
73 57
31 4
58 24
47 99
62 7
51 63
19 64
62 25
83 46
89 97
56 2
98 90
10 92
47 29
21 17
7 30
34 15
64 43
37 23
9 17
36 28
31 54
78 90
99 19
10 9
61 21
71 21
66 50
69 35
37 64
88 49
40 38
68 20
96 66
90 80
9 15
60 73
3 30
62 55
36 78
8 81
61 20
10 84
97 93
18 76
33 61
72 82
85 91
34 13
89 3
50 63
36 60
51 12
49 89
51 3
29 85
79 54
28 22
89 92
59 76
49 70
82 23
28 59
69 39
53 23
43 20
71 38
60 7
80 24
89 29
85 47
23 75
63 13
88 25
37 78
48 21
75 88
2 80
2 86
46 87
81 93
30 81
29 50
88 34
77 71
93 70
1 7
84 42
52 81
8 61
55 53
95 10
9 98
21 33
6 29
39 89
55 89
37 98
88 98
27 30
40 19
92 11
4 5
41 87
16 85
35 91
14 13
12 18
32 44
37 50
64 8
60 29
9 85
41 79
69 3
12 36
57 24
62 17
66 81
49 99
33 2
90 98
25 45
4 26
1 76
91 51
25 57
53 68
82 25
87 20
52 73
15 21
47 47
24 58
75 40
74 24
18 22
67 9
93 33
75 95
54 5
36 7
30 18
13 49
38 100
73 87
5 4
28 43
87 79
91 72
25 37
75 25
17 37
52 82
71 95
50 68
14 61
23 71
67 66
90 69
11 62
44 41
30 78
44 62
67 70
64 93
54 41
4 83
83 89
77 43
9 36
64 19
17 26
89 87
37 7
40 26
100 66
31 31
51 46
41 15
7 16
36 32
52 23
53 27
82 81
99 15
76 5
65 7
1 8
56 97
14 41
8 80
64 16
29 71
95 87
53 56
31 58
96 90
97 54
33 28
30 64
85 76
68 38
50 9
31 39
71 2
99 47
11 51
31 16
22 66
76 85
39 76
59 1
33 24
3 59
64 47
4 16
8 92
50 92
25 53
56 38
80 65
54 15
39 62
45 73
37 30
80 27
53 39
66 49
54 95
4 43
47 77
25 6
2 7
83 76
100 40
98 87
89 17
8 1
57 81
28 11
26 18
6 56
89 78
54 9
57 58
66 32
39 26
8 93
32 76
24 13
99 58
9 76
91 48
25 99
17 42
32 1
95 31
58 100
6 76
66 90
40 49
64 87
36 92
20 89
83 2
91 71
42 10
63 67
19 15
94 21
5 78
49 78
58 38
87 64
97 68
74 64
11 28
40 61
56 34
32 39
11 95
10 93
14 92
78 40
82 53
35 60
54 77
4 13
22 81
49 83
57 62
81 98
27 58
13 60
7 38
87 54
2 41
19 74
35 12
59 57
86 10
48 52
7 59
50 8
63 41
20 62
51 38
72 42
17 62
53 55
19 14
81 89
84 69
21 10
11 83
85 7
33 51
43 65
100 15
11 55
95 77
90 44
10 39
21 100
98 30
6 68
35 62
10 54
41 28
13 63
51 84
58 76
41 99
71 8
36 47
56 84
82 22
10 74
58 36
7 69
87 16
22 7
71 61
100 3
17 41
25 22
33 76
36 79
5 13
72 93
69 51
72 28
21 64
82 2
57 65
1 45
37 19
99 48
55 66
46 41
15 34
59 29
86 55
24 47
70 28
51 86
24 84
92 47
34 79
34 99
48 10
3 93
86 5
90 56
32 41
53 31
21 23
88 45
40 95
80 83
27 69
59 27
65 66
72 4
6 26
64 45
84 80
62 58
89 11
59 50
69 78
26 23
35 47
89 96
96 2
62 77
61 56
63 20
13 78
63 64
77 87
72 31
10 63
39 27
27 29
58 30
23 48
43 43
47 69
29 87
64 50
39 38
48 49
26 17
2 21
15 1
66 69
50 79
51 60
85 18
16 3
44 21
5 76
82 57
35 64
60 88
77 84
48 55
44 49
52 4
55 87
10 5
29 23
76 72
9 99
62 2
25 8
10 78
25 71
92 41
83 48
59 51
15 2
44 85
22 32
65 67
13 40
39 99
63 51
4 21
98 88
21 73
96 92
98 31
41 32
42 76
81 62
84 99
88 30
29 44
67 47
33 95
84 91
19 68
94 17
34 86
36 5
32 63
66 65
28 72
84 26
99 23
8 100
31 61
61 2
62 10
85 24
60 35
82 74
12 94
55 38
88 96
46 51
99 1
49 85
61 43
96 77
97 95
6 10
95 63
68 17
77 72
76 60
77 19
90 58
70 45
81 96
91 96
23 72
25 3
20 28
51 58
88 9
92 62
12 84
15 72
5 94
74 73
75 2
54 36
40 21
23 25
59 84
56 89
28 60
2 100
65 87
70 70
92 30
14 17
26 24
69 98
35 1
46 82
4 47
92 13
97 73
63 35
2 14
80 95
27 73
91 20
44 29
90 41
50 31
67 65
17 16
77 80
92 54
62 99
55 85
31 52
97 81
100 43
67 52
42 92
75 29
2 42
66 34
88 60
78 64
93 76
53 77
91 83
92 17
82 82
99 21
16 90
81 22
63 81
86 43
36 57
76 42
77 50
35 18
28 79
4 67
19 60
99 45
39 46
62 53
30 12
88 40
46 57
37 96
30 80
92 35
79 59
61 27
93 93
94 56
81 8
95 54
57 66
25 59
75 96
31 35
59 53
36 82
14 8
23 90
2 65
92 39
75 31
90 78
6 85
67 31
3 48
93 87
90 61
70 12
85 3
58 37
14 19
56 98
18 94
89 67
39 58
65 90
100 58
92 25
55 100
85 88
83 39
8 20
45 86
34 38
14 14
64 100
40 45
51 17
31 64
77 61
43 83
24 74
44 56
37 12
63 24
70 99
90 73
86 38
43 30
39 100
52 86
94 44
7 18
85 5
100 50
1 20
72 63
25 77
7 52
16 88
15 60
47 60
49 64
23 6
99 49
46 61
12 64
53 28
14 84
15 19
53 49
23 68
96 98
66 94
71 98
70 80
54 43
33 6
3 51
97 41
49 30
75 45
10 26
15 83
94 67
66 25
28 17
4 100
71 68
77 74
37 100
25 52
30 45
92 82
80 11
36 8
25 61
74 83
92 46
28 27
40 64
27 83
96 83
49 22
40 30
68 61
100 13
96 36
79 10
45 24
43 5
33 100
36 98
84 38
92 29
13 46
90 42
48 14
96 69
16 69
23 27
81 63
41 43
65 26
19 88
100 19
28 53
95 30
87 90
7 20
83 10
92 84
14 20
34 23
38 75
79 56
38 80
72 11
43 99
88 99
27 1
17 70
25 14
53 3
14 5
97 65
45 51
59 65
92 64
68 64
40 34
25 86
32 45
59 52
22 73
12 44
24 30
25 51
94 41
76 56
95 22
99 83
63 7
61 59
72 9
49 2
61 7
77 8
48 9
12 21
34 90
22 24
32 65
79 46
92 55
33 90
79 89
12 59
4 12
77 100
86 88
5 99
84 49
50 33
5 59
37 73
78 89
62 80
34 47
71 55
24 99
22 96
54 50
67 58
38 72
67 26
11 30
49 98
53 33
20 10
10 50
26 33
33 57
83 62
31 28
13 23
47 32
39 85
55 95
16 50
26 51
77 34
72 14
59 70
85 22
54 80
59 19
82 62
84 86
34 60
85 28
60 72
80 32
62 27
5 42
47 82
22 57
15 30
23 84
85 17
100 27
86 18
81 5
20 32
14 26
68 98
96 84
10 82
14 55
26 10
6 14
95 17
17 59
66 2
90 16
51 42
99 57
43 85
71 32
47 35
99 72
51 16
31 53
44 52
24 50
86 81
7 26
76 63
92 58
37 57
56 85
47 15
15 8
27 57
96 56
99 7
4 89
79 97
47 17
24 80
86 26
7 43
89 23
9 67
58 61
84 18
11 73
1 30
41 39
21 28
95 74
56 9
93 47
57 85
57 50
90 43
78 95
42 89
42 52
89 2
55 5
67 76
81 24
65 39
75 8
2 52
63 86
66 13
95 11
60 85
41 17
38 53
46 40
5 23
28 77
39 70
76 91
88 74
83 35
46 62
47 52
64 69
46 92
93 28
64 60
9 90
84 85
17 3
42 58
51 94
34 89
25 48
97 13
93 13
87 61
89 55
50 32
57 96
9 30
59 7
100 56
66 42
99 94
100 26
71 79
42 64
2 58
61 85
76 59
42 61
40 18
1 18
93 74
32 33
44 13
57 19
12 49
90 18
67 71
31 65
87 1
94 22
85 44
8 60
64 53
18 86
32 91
7 98
77 46
12 74
22 75
40 29
96 11
30 28
95 7
65 23
22 47
17 48
16 20
72 15
22 84
66 3
38 67
43 41
6 54
26 90
75 32
2 24
35 11
25 66
89 49
11 70
89 60
89 64
91 87
73 21
94 35
3 50
10 59
63 22
34 56
79 72
81 97
13 1
78 59
13 100
81 29
42 71
52 83
64 3
49 54
33 35
17 5
66 74
20 54
46 90
33 16
95 4
39 12
8 33
7 88
45 61
28 30
78 19
62 74
91 58
74 68
62 62
33 48
72 43
99 65
79 39
90 88
63 66
83 90
30 90
73 89
35 100
47 12
1 42
79 28
3 25
47 40
50 44
19 25
51 6
76 2
70 11
78 12
22 74
35 61
57 100
70 38
22 23
12 35
39 84
57 74
49 56
44 84
94 20
46 42
23 2
62 65
59 83
67 72
48 59
73 66
36 54
19 22
31 56
50 41
27 23
13 3
57 44
77 26
54 20
28 67
43 42
77 65
96 10
86 32
22 27
21 1
29 97
8 32
98 59
3 97
93 68
46 74
12 19
61 16
66 55
79 16
92 81
75 30
41 83
6 35
9 51
71 41
4 39
30 93
84 61
80 55
63 94
30 73
82 31
18 42
13 24
2 61
49 6
4 91
32 81
77 6
10 77
99 71
61 37
57 25
64 72
91 99
61 28
95 68
91 40
64 66
15 23
4 29
26 91
40 39
65 96
84 44
43 63
67 92
77 89
74 43
47 62
30 56
64 88
32 83
59 80
82 73
43 61
49 41
37 43
80 14
95 19
80 10
46 72
13 5
40 11
81 39
24 34
20 18
66 64
60 92
90 14
3 64
54 25
21 70
39 96
42 55
51 1
5 15
49 59
17 86
32 37
80 67
1 17
71 73
5 98
77 24
76 53
75 36
9 8
96 96
18 100
16 53
77 49
57 72
76 34
85 33
62 93
67 53
91 77
20 85
28 12
63 55
12 65
60 78
43 44
25 17
69 60
53 26
18 16
2 56
22 31
51 19
46 97
73 60
9 14
96 35
32 61
5 25
17 61
55 7
52 98
23 79
69 54
7 74
47 22
41 14
88 67
35 30
17 75
79 98
29 77
22 90
2 49
7 90
88 92
89 35
90 17
37 55
14 89
47 61
81 21
32 86
97 96
61 94
90 3
16 40
16 59
8 11
99 67
64 46
14 38
12 6
68 16
53 13
66 61
90 2
28 46
9 60
20 94
3 80
65 54
8 87
14 37
38 30
59 14
75 11
99 59
73 27
92 8
77 51
43 75
35 95
68 4
15 5
21 38
62 8
44 68
11 19
74 32
37 18
18 30
45 52
53 4
90 65
30 74
92 42
67 20
72 98
44 60
87 95
57 92
59 30
26 16
72 75
45 37
58 91
92 22
24 86
43 21
10 43
36 80
44 79
65 53
63 9
42 50
50 62
76 99
40 4
76 33
62 92
14 79
66 68
15 68
95 13
44 78
41 61
72 6
97 88
48 60
23 87
37 24
96 94
38 31
72 13
58 14
69 37
10 48
25 78
41 86
36 43
53 11
64 9
42 20
1 35
20 29
83 87
17 38
4 11
8 74
99 24
44 45
64 41
8 13
82 92
82 3
16 48
21 87
31 22
23 33
50 93
87 18
58 65
58 63
45 29
29 72
52 87
92 31
17 22
64 73
82 87
8 47
54 52
17 52
84 55
94 50
46 45
66 29
61 80
6 96
24 16
83 17
33 52
18 60
12 15
44 74
81 92
95 98
56 99
1 62
40 47
9 20
69 95
1 44
28 68
67 7
8 3
17 83
16 29
80 69
53 20
57 41
40 2
93 25
71 4
30 66
9 57
13 26
87 29
4 65
78 3
39 55
88 84
75 18
21 76
33 25
77 38
84 93
23 73
9 80
63 61
71 12
11 10
67 4
26 93
89 5
17 58
39 91
29 49
82 98
80 46
4 99
17 56
5 43
54 74
50 5
30 21
47 70
19 82
21 32
54 72
48 36
100 65
91 34
15 50
25 19
82 89
24 100
47 21
44 39
42 93
48 8
87 70
69 15
73 7
9 62
9 26
27 98
54 79
89 13
33 8
46 20
74 42
47 50
27 49
41 51
36 41
42 38
68 24
54 44
16 79
100 78
24 70
71 72
87 30
19 41
11 88
88 23
100 22
47 56
81 30
82 94
32 59
70 22
85 64
89 47
70 41
66 19
85 30
31 74
26 47
83 50
29 92
60 22
97 46
58 15
100 41
22 30
24 67
26 86
75 72
32 18
4 61
2 66
65 3
67 12
15 29
55 94
8 49
35 79
62 52
65 13
23 36
16 8
33 32
39 88
39 80
66 93
67 18
54 3
62 48
37 8
26 82
50 14
40 67
43 54
14 54
93 29
60 5
28 2
29 27
93 69
31 42
13 18
58 58
85 25
67 42
66 8
98 72
14 34
42 13
37 97
19 72
32 78
7 80
38 9
99 54
81 28
42 45
28 10
57 21
13 4
97 5
3 70
83 19
43 52
75 14
64 65
26 53
48 94
84 71
44 61
8 71
38 96
12 76
7 95
81 51
95 47
24 57
7 17
68 8
55 32
60 33
48 3
67 57
3 62
35 80
46 85
15 93
81 2
59 66
88 4
87 52
52 27
9 56
49 63
62 66
23 50
86 94
33 62
39 47
7 10
25 49
76 75
79 17
12 51
91 74
91 21
41 53
5 88
56 87
19 40
61 4
37 49
34 40
38 40
3 58
17 90
3 23
1 37
14 10
41 81
51 10
54 47
49 65
50 84
55 84
72 97
72 37
25 73
99 74
19 46
96 88
37 99
29 33
43 47
34 36
52 7
60 6
78 84
94 79
24 59
80 34
66 52
18 71
60 66
75 26
54 59
69 75
41 74
14 72
2 88
84 88
84 60
80 57
74 17
76 27
13 96
45 45
55 73
30 10
20 86
16 24
58 59
67 40
55 20
67 43
65 56
47 28
44 53
57 88
59 91
36 12
38 74
86 20
39 68
47 8
74 39
26 84
41 49
87 36
75 59
99 61
62 13
5 1
74 61
78 96
22 17
40 75
69 89
47 38
64 51
77 12
27 40
45 54
22 21
19 69
66 16
85 71
20 50
4 54
92 12
16 26
54 26
23 46
64 49
27 25
72 100
75 80
77 67
46 15
45 57
67 86
40 55
60 24
45 92
61 23
99 84
42 54
88 50
2 93
77 90
38 99
39 53
75 81
16 55
49 8
87 2
92 20
28 61
46 44
91 7
8 43
47 88
63 1
98 98
82 1
62 19
9 25
29 75
20 27
25 31
48 31
89 51
53 100
64 79
54 65
26 54
3 56
24 51
9 29
18 1
81 100
80 16
27 94
25 50
99 50
16 7
44 83
20 100
87 68
77 83
91 15
45 60
50 13
100 5
73 71
81 1
64 84
99 73
77 1
40 42
42 78
25 32
34 11
68 49
35 87
15 47
40 15
43 73
54 87
24 87
42 11
23 51
30 99
87 19
88 62
79 68
27 38
51 82
40 24
42 95
13 22
72 34
61 97
44 46
18 9
35 98
49 9
36 20
6 65
83 34
43 11
54 39
75 38
62 46
22 62
88 2
82 64
58 73
4 63
28 84
31 71
66 21
63 40
76 25
40 73
37 13
9 49
83 31
15 20
98 48
81 37
48 23
57 79
45 21
67 85
65 94
54 94
49 51
15 80
12 54
23 1
30 67
56 8
19 89
77 17
27 17
71 22
38 79
63 17
43 46
3 84
39 10
20 79
94 11
36 30
99 87
83 63
34 76
2 27
50 78
96 15
75 60
23 54
25 97
92 24
88 73
72 49
30 40
96 24
59 97
94 80
47 98
40 53
24 96
45 98
35 93
98 89
52 67
50 58
96 79
99 26
14 27
10 35
61 90
2 26
75 52
7 7
55 12
35 13
15 13
2 40
36 39
82 80
71 78
54 33
25 11
99 12
62 41
75 57
83 84
51 20
53 48
96 1
63 46
61 54
76 11
15 51
46 28
94 27
88 16
47 11
23 32
60 10
51 22
87 13
42 8
52 95
16 78
72 44
45 7
7 27
92 83
99 29
23 22
14 64
97 53
10 64
44 87
21 60
32 12
86 61
29 11
73 12
9 55
52 65
93 97
19 70
91 91
9 44
47 25
62 3
97 85
32 10
87 56
53 60
34 73
34 21
74 16
58 23
16 6
41 23
90 38
14 44
74 41
8 48
19 9
86 28
39 33
28 41
56 22
76 48
44 23
3 67
5 89
95 55
8 96
24 54
81 49
77 15
30 15
59 2
49 25
24 37
43 8
45 27
1 57
25 56
62 20
48 28
11 18
11 60
6 98
17 87
21 86
90 79
2 33
3 21
72 88
62 35
46 100
87 23
78 28
83 94
98 2
14 81
10 13
76 38
94 86
31 43
61 87
33 63
83 44
26 75
19 67
57 80
47 68
86 21
37 56
59 46
63 73
36 37
36 71
50 64
98 23
77 79
12 28
36 55
33 69
31 32
79 63
68 44
16 65
50 22
20 23
86 98
68 94
7 9
12 89
82 37
80 6
42 46
88 43
4 60
93 99
5 73
92 100
53 95
52 3
76 64
64 78
38 34
22 94
37 83
31 63
83 11
55 54
86 22
3 100
25 72
70 17
68 12
89 6
64 67
79 85
61 40
4 53
56 13
45 9
27 68
56 76
39 54
60 84
70 51
11 4
9 77
3 74
18 11
53 90
51 45
56 61
95 70
93 98
56 11
74 25
23 41
7 44
31 98
87 89
15 52
39 87
50 53
56 69
97 98
19 33
74 52
36 64
10 23
66 14
80 71
3 12
65 86
97 92
61 38
47 93
36 2
58 28
4 84
28 18
31 95
68 75
32 82
84 28
100 33
33 10
39 19
47 24
1 34
86 92
75 99
55 35
62 44
2 70
95 29
21 6
41 8
7 87
12 20
54 7
7 50
19 32
28 93
14 74
94 95
92 56
56 78
44 97
98 33
72 29
90 34
55 49
48 83
21 88
93 85
63 93
30 49
88 79
38 94
50 52
74 92
26 49
53 47
17 44
17 92
22 79
73 28
26 80
7 97
66 71
15 66
90 62
91 63
50 40
13 58
91 10
82 4
61 71
10 55
71 87
24 66
59 69
14 33
52 84
85 8
68 43
96 91
46 1
63 34
51 15
7 1
94 83
3 38
62 70
7 56
43 72
80 45
66 91
17 15
5 75
37 25
8 95
61 72
67 13
53 18
18 15
34 34
86 89
13 34
49 34
61 96
9 94
35 53
74 30
76 24
27 24
84 56
73 96
32 93
42 72
79 32
86 96
44 51
72 89
25 96
10 58
5 34
73 23
17 63
92 94
50 51
26 77
94 18
13 68
25 41
69 68
50 97
44 64
24 53
44 86
56 90
55 56
74 56
22 64
58 62
75 85
23 91
39 21
37 38
2 96
60 4
45 47
72 56
55 75
75 98
28 45
33 23
45 33
7 58
28 80
47 95
100 76
18 4
86 76
91 88
30 37
45 14
89 31
39 41
58 5
63 88
45 12
17 66
2 98
80 64
99 79
98 86
94 69
78 56
38 59
55 8
88 24
97 36
16 27
49 39
74 70
87 38
3 32
30 39
60 77
73 5
80 38
86 82
42 48
31 67
93 20
27 66
100 69
51 83
51 2
66 86
54 71
58 34
96 5
18 13
94 88
80 12
72 90
99 76
38 92
56 52
84 17
13 47
7 85
87 8
96 28
61 66
27 71
23 17
45 42
68 81
57 94
48 38
1 60
73 69
40 63
91 65
91 38
73 70
23 47
49 1
91 8
78 58
29 55
50 7
89 56
86 95
95 41
69 14
73 25
49 95
64 23
12 73
79 48
44 55
52 85
46 91
87 17
20 34
22 93
67 23
53 81
97 43
27 35
71 27
61 98
79 5
19 54
13 41
39 95
10 24
28 94
95 58
68 97
93 35
42 60
28 97
96 13
73 34
53 46
2 54
22 52
71 80
23 96
82 32
27 13
14 39
4 96
74 71
94 62
80 35
74 85
86 85
33 50
27 72
47 44
67 39
52 43
65 37
37 21
80 97
43 29
52 41
24 56
29 68
81 67
59 37
12 3
81 35
54 60
52 6
5 65
82 93
63 15
6 41
34 93
87 24
32 9
9 27
28 64
93 24
51 92
59 93
49 46
86 53
65 15
84 82
16 76
98 91
99 80
26 88
83 4
23 67
34 10
8 23
96 99
21 85
42 70
42 27
13 54
33 38
87 83
63 39
69 1
11 82
15 95
98 73
2 39
71 7
15 76
89 99
37 72
67 27
9 46
48 61
19 47
69 48
60 97
96 26
12 67
48 13
33 94
19 52
80 5
81 90
66 28
62 96
81 56
98 37
5 92
24 94
73 32
65 19
19 28
38 97
89 95
75 10
11 54
98 71
22 10
41 22
65 48
44 94
100 42
66 98
38 63
21 56
79 61
31 26
35 5
54 48
64 92
60 90
83 66
46 27
35 83
56 48
55 33
29 86
59 58
70 67
91 76
64 74
20 3
25 44
40 37
97 64
99 22
62 79
93 42
8 40
47 42
48 64
11 9
55 58
79 27
63 25
99 63
50 10
24 85
25 20
13 35
20 91
20 70
48 63
46 65
94 66
99 62
17 9
8 14
26 95
24 36
2 23
41 71
52 94
51 91
53 75
88 32
70 1
34 52
87 94
4 42
70 92
44 58
95 93
63 27
62 75
62 88
34 65
36 69
24 89
21 45
3 11
56 25
11 79
94 59
75 50
89 83
67 25
43 13
3 14
69 36
40 58
43 58
42 24
30 82
68 86
20 72
62 90
13 28
68 48
94 65
64 25
54 12
54 38
25 12
73 53
35 84
29 100
53 9
74 26
20 55
71 3
55 17
2 45
10 94
55 64
14 36
35 14
36 4
39 92
38 3
82 78
1 97
56 43
100 44
81 45
40 44
28 78
64 64
81 48
15 69
27 54
31 91
46 43
81 47
52 31
53 53
80 93
21 39
65 51
67 32
74 55
15 10
1 22
6 32
30 30
69 22
100 53
4 56
7 42
32 23
54 69
63 57
41 11
35 85
50 54
44 92
74 58
6 8
20 19
93 58
98 17
14 75
4 30
57 1
2 15
86 90
14 59
30 76
46 55
5 60
81 12
82 20
82 5
14 86
18 49
74 91
92 69
72 61
27 27
92 80
18 56
3 8
74 35
23 52
65 83
1 72
70 64
41 34
21 27
62 5
24 90
60 41
46 23
67 59
15 81
10 12
87 35
61 100
77 48
23 86
46 69
80 4
97 15
73 90
87 39
2 46
74 22
69 76
48 4
35 32
70 7
79 53
41 55
97 37
55 48
65 69
84 34
80 85
72 84
72 20
44 48
12 85
62 9
99 66
36 74
13 92
98 29
45 49
89 34
68 18
89 88
58 75
86 45
86 40
44 42
30 70
85 73
72 96
18 10
90 12
7 33
8 70
83 18
37 14
19 30
39 37
77 88
71 26
37 15
17 85
15 58
75 70
1 25
95 83
78 70
29 17
46 54
4 82
49 72
100 16
5 24
19 62
70 98
31 84
38 71
4 23
72 58
94 45
27 18
93 53
93 81
90 29
50 23
19 42
60 12
91 93
24 3
51 67
