100
66749
76715
92218
19069
73422
48473
98097
18106
85407
98443
89795
34713
95513
84446
1115
14095
97049
88041
73179
30755
431
60323
96894
85957
9384
78220
58402
22772
29088
88238
15878
5799
61874
64654
84261
9708
46134
12414
65457
60060
63853
67258
22176
86755
31938
74590
97189
64941
81906
50654
82568
76650
97552
61806
88687
20438
12801
72798
36720
89837
14293
79880
18698
74094
47242
29707
6765
37712
56463
33158
20190
99295
89785
92312
41986
90129
25549
2798
21863
51763
48214
90099
50185
54170
26203
14637
7275
35095
68166
16413
21670
70320
18982
81908
33746
59630
59062
18082
78047
40840
