100
10272
36426
12325
7215
22789
24185
34724
27879
27090
27425
34695
7535
25383
28106
27154
8497
36893
28980
30526
22823
20734
29013
13460
28596
9869
23317
27249
29826
26133
26795
20128
26554
22914
10007
34236
34564
5366
14784
4289
17298
12351
4590
29051
16160
5921
31290
28378
16438
22685
21645
28445
6848
32649
9606
23457
13362
18760
13318
14769
1185
25556
27951
24376
23098
15516
3773
21341
17052
18832
7847
3525
28701
26794
20488
30112
2064
17214
35958
1218
32789
999
30094
12414
4180
18559
9912
33164
34139
14361
11429
21888
23662
27443
2642
31670
126
12978
17240
26247
14950
