10000
57 183
-96 -146
-139 -24
12 115
-52 -81
-192 -34
-173 93
192 -55
173 94
-139 55
-15 142
-35 -91
-113 180
179 183
43 -152
-12 137
-130 155
137 -89
9 24
115 -37
-8 -87
-133 128
-25 -100
69 -145
-161 120
24 170
14 -31
135 -195
-176 -169
-40 4
89 -16
48 -164
-92 155
-107 -11
59 -172
-22 200
-137 114
-38 -94
91 -72
47 165
185 -146
135 75
-18 -168
23 132
142 -8
-18 49
90 -196
-160 170
-22 23
138 -74
32 112
102 119
-29 13
37 -26
127 177
56 -73
138 -83
77 166
173 79
-34 25
127 112
122 -147
-52 -56
-146 82
-75 177
25 38
-53 -95
56 189
-200 -14
58 179
-112 71
-29 -100
-196 144
-12 194
-95 63
-70 17
131 -58
-155 -37
-117 90
71 73
-84 -173
-188 -41
-147 -107
-176 -95
-130 -199
28 -17
-106 76
-169 90
70 -87
34 156
70 -122
35 57
193 26
106 -144
30 -157
4 59
64 -128
51 78
111 46
9 17
-183 92
104 -22
-30 -42
51 -4
-31 -98
150 -152
145 -56
134 -149
-188 51
66 151
-55 -101
155 -28
-63 -155
-108 48
-119 -81
197 -80
5 -175
-113 166
117 79
-115 -52
37 122
177 -94
7 19
116 -150
23 -200
162 57
125 112
-99 185
-8 177
10 -92
113 160
97 171
-76 100
-140 113
-119 199
127 82
84 32
-89 -14
-156 -80
199 6
-157 21
0 -62
-79 87
36 -83
-171 -43
36 86
184 -83
-156 -152
10 185
76 0
31 -104
-179 152
170 -199
-182 104
-27 -19
-26 -148
-182 -165
127 66
-95 -38
154 31
-144 61
-161 -136
183 -173
164 158
-38 -64
-142 -195
135 -2
179 108
-75 200
172 152
30 166
-128 -79
187 -52
-57 -71
-158 70
162 20
68 -67
194 120
178 -89
-130 -19
-121 161
74 134
25 -89
139 6
-136 -53
-112 197
-156 -160
-25 -175
-49 -17
-179 7
102 148
-1 -41
48 -181
86 -178
-176 101
68 -160
-31 -30
159 -94
-89 -54
66 150
-35 103
162 -38
52 -153
-177 183
-93 -10
133 -46
145 160
-147 196
142 100
-125 191
173 -33
186 87
75 105
-122 -97
29 -89
115 -80
157 129
-148 -159
95 102
-94 145
-17 102
-156 66
71 -69
184 -179
-155 -68
-107 -143
-98 55
57 -105
-57 -101
195 133
-33 93
116 -188
83 136
187 -144
-122 95
-112 -77
183 121
-94 -181
-192 194
90 -166
-112 -99
62 -142
130 -24
13 -75
-2 -168
197 96
-32 170
90 64
-190 -9
-8 -106
100 83
-14 -30
-101 -101
-135 39
-39 -87
83 -101
38 -80
83 122
27 -17
119 87
107 -94
-13 4
-156 -171
-153 120
-75 49
-113 -174
-150 49
-158 -105
-15 58
-47 172
177 -73
8 -88
96 -146
83 184
112 56
187 139
61 -178
-72 -122
84 42
108 162
-197 14
164 -76
165 42
58 44
-40 -3
97 -97
175 155
151 64
35 -79
-92 -157
125 -126
-200 20
-182 -20
-157 193
-158 -120
98 -9
-141 -65
82 198
127 -187
91 61
147 -178
-16 -44
17 -137
-138 -106
-146 -46
-151 -192
-76 -49
97 -148
-41 187
-39 -187
148 38
129 -179
-88 176
18 -154
31 -160
-38 22
-121 -194
37 183
-128 -3
-106 -18
172 12
57 179
-175 -53
-134 -156
151 -163
-44 -39
-35 135
57 130
16 94
-44 -188
192 -26
68 172
123 -74
-51 -111
23 193
0 -20
129 -63
-175 -148
-162 56
154 -94
-142 -132
-184 -101
71 71
-10 -3
-7 66
-191 -190
107 -150
88 21
-161 -145
132 196
57 -45
-181 164
93 143
-133 121
85 200
20 -13
182 63
-89 -134
-159 4
135 -199
174 75
59 78
-128 192
193 -70
-160 -193
39 -13
-169 184
-146 145
-48 153
-61 -102
189 -180
-31 99
149 -107
129 131
114 116
144 -84
-152 37
-144 -130
160 -178
-56 -37
183 -175
139 -81
106 -41
100 -106
78 169
151 -190
-81 -119
120 134
-109 126
-86 -46
157 -22
8 -192
21 88
-115 40
110 -111
17 -137
130 199
37 -105
170 -58
-15 183
-116 87
-38 -137
-197 182
71 2
-94 45
106 36
83 -78
-25 -135
-103 -53
-27 -9
88 -134
158 -55
-160 -116
141 173
-21 -160
-142 -132
-11 134
100 -17
168 -52
-7 -96
5 -17
-71 185
151 104
34 -73
193 -3
10 -171
-145 -24
-129 198
34 -148
-100 100
66 182
-145 85
103 -127
80 -41
44 89
200 17
-90 179
62 -63
52 60
-82 -43
-2 162
64 101
59 74
124 -180
-38 -130
-144 -107
-41 158
-194 -11
-57 108
13 100
36 150
-76 -47
187 -58
48 -61
85 -165
176 -20
-179 -133
153 -60
179 112
-75 23
170 -77
-18 119
-113 -76
125 -181
67 -187
-180 -23
-121 -71
103 70
102 -123
95 -83
16 99
-79 -16
-147 0
-181 127
24 -193
-150 10
32 23
120 93
-156 -51
-4 38
-43 -198
79 52
-122 -61
150 -141
-164 -138
-47 127
49 54
161 97
-169 88
-6 -7
44 141
104 -100
36 66
-142 11
10 58
-139 -113
44 -18
152 -134
53 -24
-98 11
121 107
-30 -45
-104 117
-11 12
48 71
56 184
76 -60
-15 -101
-55 82
33 28
-150 -85
183 -29
-29 110
7 83
20 -153
-115 18
122 108
-109 -12
-48 187
80 -122
-192 49
176 8
-102 4
51 -54
36 107
-124 98
-2 179
-165 -133
-91 58
-189 95
-2 125
41 59
7 -155
6 -22
35 -133
-148 120
-100 76
-24 146
-173 97
-149 45
-33 -67
157 162
-36 -99
35 -75
-141 -154
-11 -49
-126 -191
1 197
-186 -23
-125 -182
28 -111
104 72
186 26
-78 101
138 129
-114 86
36 -131
51 68
47 33
-131 -170
-126 116
-8 54
-102 187
193 -36
101 119
140 -6
124 170
-106 181
-33 -103
31 84
-66 152
-127 199
132 119
17 151
-38 -124
128 183
-77 20
198 -127
-39 -55
199 68
-95 -52
-118 106
44 199
-33 165
12 -91
147 -40
92 -91
101 -39
110 131
-176 140
-11 50
-95 -196
-133 -22
131 67
-162 -168
10 -5
113 -193
154 117
181 152
190 -56
-132 -165
166 -47
197 151
-166 -89
145 10
103 124
135 -47
127 -54
-124 22
15 62
191 -135
-69 100
-173 -158
-50 113
-151 21
150 -135
28 -50
-200 -87
-44 43
172 49
193 67
89 0
-119 118
151 -139
-7 128
-27 -186
-1 16
-116 179
11 109
-152 -172
-173 -32
-101 19
-100 195
-128 66
29 151
-145 -36
-175 83
98 -117
136 115
131 159
150 -66
9 -120
-59 61
-16 -161
-82 21
-16 36
77 -29
79 -65
-144 -2
-47 162
-29 -43
32 146
-8 -97
-185 -88
-7 15
124 -60
69 -131
123 160
90 161
184 88
-86 78
1 48
133 -127
-104 26
-62 -182
-68 49
-56 -151
-180 -177
128 90
-62 129
-194 -186
-48 -156
148 -119
-177 169
93 -196
-15 -170
-85 -163
-108 142
-139 23
168 -60
21 -73
-118 -66
-164 -53
-89 99
-174 45
198 -153
-139 110
80 73
-11 91
179 46
131 -150
-94 31
-22 -9
172 -6
-76 -197
-124 -145
149 13
-151 -3
-153 151
-25 183
-1 -116
-171 77
2 20
109 -73
-145 104
5 -70
-185 -197
35 140
114 158
-110 -173
155 -19
-181 -85
-118 114
-153 52
88 109
163 -193
106 -97
168 -197
-6 -136
170 114
-149 -189
18 85
-188 -131
42 49
-128 200
-65 31
-30 -117
138 -17
1 -63
114 -177
-18 167
68 160
130 -168
-38 -170
141 -104
-178 65
15 -61
-155 60
121 170
-60 -47
-93 72
80 180
-109 -26
-181 37
170 78
164 101
-78 2
23 -192
149 107
11 61
89 -174
91 -115
197 -119
-171 158
64 155
69 180
-3 -123
-135 -94
82 119
43 -184
91 -98
-192 -82
-15 71
-40 -129
-141 114
44 -2
173 142
-144 34
-93 -145
197 14
-34 -87
-72 -17
-17 169
137 105
-9 -26
95 -11
-170 191
89 -77
183 130
40 174
-111 -150
-12 179
112 -169
108 -71
-124 -100
66 -172
143 12
-76 44
-38 178
147 -51
-160 38
48 -43
169 5
-63 3
-89 139
106 31
-73 -99
-4 -151
44 -88
188 0
-89 -135
156 79
197 106
-181 148
-134 -189
10 5
19 -77
13 200
91 -183
50 176
48 -163
-53 79
30 -149
54 -28
-23 105
197 -52
14 -92
158 6
-170 -142
153 80
-145 -158
-95 -69
-154 174
-53 -106
197 -170
-166 126
196 70
79 -2
-54 -29
188 -165
-147 -16
176 -115
-93 -101
163 -85
116 -128
148 -189
25 124
-121 95
-163 148
37 -172
-195 16
164 -105
-95 54
156 -155
-187 178
-74 -20
27 178
100 71
-200 50
67 90
-87 25
170 -56
21 -94
183 -25
73 13
18 -114
-30 88
-178 71
0 5
68 189
-160 85
97 -40
78 200
158 -110
165 -18
169 77
103 -32
168 -143
-42 172
34 -111
143 -169
171 21
-196 129
-69 64
-95 -105
-88 10
-94 20
66 -175
-117 -131
-134 123
22 138
-160 -165
158 71
188 183
-104 -128
103 144
-3 111
-78 -8
-3 34
69 -69
-29 128
183 166
61 32
11 -43
149 191
-112 -131
-106 -144
-112 53
30 -45
64 -106
32 74
0 -80
6 -15
-185 -130
-199 138
-183 -68
-200 -51
-87 -141
112 -23
-56 -120
147 -131
-31 -49
18 1
-140 -117
-105 131
-33 -115
86 -22
120 -37
147 -143
-156 -110
-131 169
106 -187
-102 -24
102 128
-186 -2
-66 -150
-171 -179
35 63
-91 172
-84 -180
166 182
-81 119
-29 168
133 135
55 87
72 -168
-120 -194
-137 -15
68 -74
-71 -36
160 132
16 -93
81 -81
95 36
183 -72
-149 157
-3 -18
-74 -180
87 -109
-75 -68
161 -122
70 164
-158 -81
88 -199
-42 119
-62 134
141 14
159 -78
-163 -198
109 192
-122 -183
-132 -161
-117 24
-156 -154
-90 -116
72 150
90 -117
-131 -171
191 -31
119 161
-3 37
-162 175
99 90
118 -66
-11 128
-63 -110
-85 -38
-180 -65
80 133
-18 -45
75 -93
-145 127
-167 -58
-132 150
-116 164
136 116
-178 -30
61 183
-186 -22
-65 12
-18 133
-30 -68
75 -120
-33 -199
-176 166
-164 110
75 -121
36 -65
-47 -129
-70 61
-99 43
-164 23
45 19
-141 -149
-198 -80
-163 44
-44 -11
-69 -177
130 24
-179 134
-122 124
142 179
198 15
115 -86
-121 113
167 -185
-83 24
-145 49
-183 94
-16 -193
197 114
138 -2
123 -132
56 -112
125 -33
194 -102
23 -45
-164 112
-35 -75
82 -94
171 -54
-90 102
-37 29
-169 63
102 -115
152 -26
-55 121
191 -40
-60 -190
-161 -68
37 181
118 91
-58 9
-20 19
-173 -101
90 178
173 -109
198 157
99 75
20 28
-179 -187
131 139
40 -39
9 50
57 62
183 89
51 -120
120 -102
71 -24
84 100
-39 -195
-24 140
-92 -198
160 115
53 -36
95 -58
65 -200
79 158
-22 8
117 200
45 169
-50 -37
159 76
95 -99
-14 -113
-86 128
156 -182
-149 138
-185 -189
-73 103
-149 -113
-31 179
-178 -84
105 71
167 -72
-181 72
-100 -150
134 166
-158 -26
92 -22
36 147
-41 -157
-58 55
-134 -124
-99 -58
95 161
-138 15
17 144
-154 50
158 165
-31 -178
86 20
-14 -116
129 187
140 -184
110 93
109 -104
-109 16
164 -145
-39 10
189 16
151 188
64 -62
-106 -25
-4 184
-78 44
-68 29
-31 117
-192 118
179 -57
92 126
-6 115
2 173
-82 149
-54 -119
194 -150
-154 46
59 -134
115 131
52 -169
-181 -23
-124 -65
-165 129
-96 -11
-97 -168
-4 51
-186 -95
-172 -137
143 -147
140 -91
144 -31
-13 178
162 38
-141 -57
32 193
-150 193
56 -12
41 -164
168 78
106 -65
30 -4
-70 106
-13 79
-173 -58
58 56
-25 137
200 70
62 133
-150 164
-158 148
170 63
87 46
34 -179
12 170
-114 -123
54 -96
-60 -107
13 -191
160 -182
40 -69
155 -55
72 -129
187 145
-34 -145
107 120
-50 145
33 44
-138 -195
189 71
153 84
-16 155
130 82
-37 -126
94 52
-74 -63
-32 -113
130 -34
-65 2
-124 16
-176 -180
-190 16
-178 -148
-111 118
94 -112
15 146
191 67
169 127
-70 -28
58 -130
102 40
169 -130
-47 184
-187 125
158 -2
-6 101
12 -183
63 124
-125 148
147 112
-74 53
-10 -84
21 73
-143 -195
61 -169
154 -50
-194 -100
21 -81
72 -56
-133 71
154 -5
20 88
-180 -161
98 47
4 -83
-74 160
171 -157
2 129
162 44
78 -51
-2 -93
-113 86
190 -160
167 -87
137 -94
-123 -96
-47 -191
-40 -53
16 162
53 -160
-191 138
-14 30
-109 -22
63 141
-112 125
7 -145
190 -154
167 -65
77 -71
165 -122
-24 -39
34 5
61 -192
-149 -48
-120 -70
-148 -50
-140 -106
-110 189
-12 157
21 102
81 81
-11 -49
53 75
-47 39
-39 -193
151 -119
188 -150
48 26
-33 1
-185 -194
117 111
123 -188
38 -2
-54 113
-190 134
-72 -41
-55 36
-173 129
146 96
-60 -15
-79 -31
38 148
183 95
-48 -75
2 -69
47 32
10 -2
-28 -51
3 26
-168 -139
190 85
-77 -99
-144 101
60 12
26 -131
97 -160
-63 -6
-3 -121
-85 -161
-108 191
153 72
-56 -21
93 79
-79 -62
90 161
-80 158
21 -169
164 -79
22 -142
127 132
-48 183
-175 -48
7 121
189 77
106 51
151 153
155 45
-70 -179
183 -92
-21 -89
188 -188
73 -87
162 131
135 104
107 -90
112 -58
-190 -1
-43 120
-109 -29
-31 -194
-165 100
-66 95
-9 122
162 -149
-66 -96
-198 158
-12 20
193 -24
-11 -47
133 109
64 -63
17 191
-195 -36
55 176
-25 127
5 114
170 -119
-111 152
-77 83
-123 -24
-136 -74
-5 79
-120 151
163 -7
-177 -40
172 18
-65 -115
109 113
-160 -68
-16 190
170 23
112 4
6 18
-32 -160
-63 33
103 -88
-174 137
44 115
7 -180
100 -193
121 -37
193 -38
196 63
-183 -160
-24 -27
171 60
51 -124
42 102
-26 -121
77 31
-117 101
-57 -42
48 -42
78 194
-153 -173
-167 15
10 -25
141 -53
76 185
146 -11
-118 97
-58 -189
-198 52
126 -93
-34 122
98 118
110 53
159 -157
98 -74
146 -171
-2 -49
-4 -61
-72 24
-75 44
178 -142
121 -55
193 -69
-41 -79
157 66
183 -194
-25 -99
-199 18
-151 113
32 147
85 -83
123 71
-37 -134
-85 28
-139 -91
88 39
153 81
94 -17
-39 94
78 -173
125 149
77 -154
-109 20
-18 -83
140 -165
-82 165
-108 62
-94 -172
-173 103
-23 -92
13 56
148 -67
-57 0
-16 197
70 -63
-160 200
63 -155
111 -42
57 94
-14 48
-60 -65
12 -133
-99 138
-140 -65
199 -41
-14 178
-12 65
112 84
-154 192
-189 -157
-33 -21
-35 -119
39 74
-111 154
136 -170
-27 -53
29 119
34 61
-199 124
79 -165
176 -5
197 9
-43 27
61 14
-135 -125
54 193
127 -181
-68 21
-142 -86
-163 -184
-11 57
-106 93
8 -197
102 -63
-200 84
181 -15
-151 67
172 -87
110 106
16 -84
-156 47
-185 32
-105 72
117 87
-175 192
118 20
-32 -111
-138 -24
-12 -39
-41 -31
-137 -145
2 64
-128 176
-135 -144
-2 99
150 4
-37 -146
-55 177
-15 87
-57 -194
-3 -118
121 -85
23 -5
101 -126
125 -154
-186 14
-113 -66
-137 -4
189 181
62 -149
-180 103
-163 132
66 -120
-167 -195
177 -110
-165 124
93 17
21 -10
-3 -39
-102 -45
-84 30
-34 13
9 5
171 153
149 -72
86 5
-20 41
-144 94
139 87
-125 118
-75 5
90 86
4 -89
53 68
-5 91
-143 -158
-100 57
196 184
45 15
87 -87
-65 19
15 118
-178 -89
-67 -115
179 -7
-47 146
49 106
33 -106
-110 -80
-124 -185
48 -157
191 102
174 -49
117 -94
-177 9
168 25
25 -92
-37 -25
-181 166
189 -10
-57 163
-29 76
143 188
159 181
-103 -160
89 186
-36 -47
-35 194
134 107
-78 -192
-124 -132
193 -90
21 -22
-109 134
-90 91
-59 106
-130 -19
-127 37
-126 39
-31 36
109 -2
200 90
185 -155
-161 -94
197 188
62 -132
178 27
46 97
10 -98
106 -74
-158 22
-120 151
-167 16
-77 187
-6 86
146 -153
-57 93
-177 84
-18 163
-90 168
-113 40
15 118
-133 73
171 -47
-76 -105
-172 -154
-123 182
193 -64
-171 -105
50 101
1 38
-125 196
4 66
133 -149
-131 -8
-99 -142
-165 -47
-56 172
127 -67
-161 97
-26 -190
-125 -39
-38 163
139 199
157 124
9 81
-148 191
-184 -54
36 -195
39 -182
192 108
-11 -128
177 -67
48 40
172 -64
30 -79
-184 -74
-44 -106
166 164
173 174
-60 145
165 -191
59 -108
148 98
-57 -166
12 129
-187 -4
-168 125
87 -57
89 -179
72 -131
-54 114
-10 50
113 89
149 -84
177 -73
-110 146
-119 -60
185 -134
-3 -96
21 -50
128 13
143 -74
138 53
29 196
153 -14
49 -118
-172 -58
-29 141
-163 193
54 23
-143 163
160 -162
106 -143
-105 61
-4 -66
-147 -75
-38 15
-198 -100
151 186
-103 -170
-134 -151
-193 -61
171 -91
-130 198
140 27
16 -11
-198 31
12 19
-158 98
36 -85
86 183
-4 -116
47 -176
-192 -137
18 165
114 -108
-93 -45
125 -169
34 20
-155 -84
-88 -179
69 121
-94 45
165 -119
-90 -183
145 48
110 -67
93 -24
175 -183
-200 84
131 -18
-21 90
-84 -27
143 93
21 155
75 200
71 131
53 30
198 -114
-21 -56
-5 19
-28 -18
-182 179
-46 -121
26 -10
95 -13
163 119
167 168
-127 -5
-111 98
-145 41
-37 -108
115 80
163 187
-113 -14
-76 134
23 124
-161 53
-28 -83
161 -100
38 29
-95 -154
195 -170
-99 116
52 190
-49 -89
88 62
-59 152
197 -3
-194 37
-102 -110
66 6
-75 -145
85 126
-142 132
124 -37
47 -183
-40 -48
200 -1
92 -73
-86 -73
-168 -67
164 -81
97 -175
41 -88
197 12
-142 -142
-46 77
39 16
-117 20
-37 -90
-86 73
79 170
167 129
154 163
-103 97
-138 102
-190 -124
161 110
-83 12
145 1
185 -193
-139 -161
-35 100
-96 -27
-71 135
-36 -22
187 -85
-119 -31
158 -69
-144 75
-13 166
109 59
-56 -189
-99 42
161 -43
-122 -83
30 -133
186 -168
-42 -60
178 190
-179 122
-43 -156
146 173
-6 63
-66 60
80 -82
40 79
125 -145
-7 27
-72 180
-112 -144
-120 -18
15 193
133 122
92 -102
-25 -103
133 10
106 21
-56 -27
30 -62
-8 -110
-188 200
-135 7
143 -44
-76 145
72 48
-86 11
121 -73
-145 -145
56 142
36 53
-57 -117
-54 -156
185 144
-13 93
-106 19
166 5
187 59
8 -53
197 -195
-196 167
74 200
168 -9
-131 -32
-178 139
-167 -58
39 164
65 116
-89 -164
91 -165
124 -122
-75 -164
160 -16
175 178
-173 179
-52 108
-36 -136
91 193
193 -38
98 -19
77 -63
198 91
-29 5
143 -58
138 78
-169 -154
55 152
-112 -74
114 -69
-116 137
-151 -192
-79 39
-162 -56
146 57
-137 -95
-59 -66
99 23
138 -28
116 -184
-20 61
-110 -133
2 140
92 -13
97 147
-197 160
7 173
-186 143
155 186
198 125
58 -52
138 135
38 -165
161 -89
37 -197
-177 -135
-133 -185
98 -196
-140 197
193 88
112 -38
-12 -10
18 40
-50 171
45 -76
30 170
-186 32
-26 87
87 -123
-199 21
-120 107
-45 -65
9 -163
122 -45
-39 -186
-66 107
122 -199
3 -29
130 -160
164 78
82 -121
-139 117
-181 -122
154 -64
47 -116
-187 142
93 109
172 -91
73 135
-66 -166
-137 184
-123 81
-174 -167
200 40
-55 -155
-140 -19
-29 1
-48 -33
-145 -51
-90 -44
-191 -175
83 161
-130 147
-166 81
-178 -12
-176 140
0 -68
131 -138
-55 -109
-73 97
-9 -45
144 144
128 53
-52 24
-183 -183
185 151
178 -91
74 20
116 165
110 -197
-174 -37
-197 -139
-127 2
-175 -47
-152 -62
27 72
-64 -51
53 30
-57 144
-195 -116
148 11
69 61
128 -133
65 140
-114 117
-48 -179
-30 99
-116 -140
175 -89
-1 113
-121 -79
144 111
-51 57
160 39
-71 159
135 199
37 -140
11 133
-92 -138
196 -56
-110 -97
33 -71
83 -171
72 21
-165 -157
135 53
126 29
141 -186
-139 91
163 9
-68 96
-147 -158
-86 104
-36 157
179 69
36 -59
-46 -177
-124 168
113 103
-50 -20
-56 185
-33 -105
90 164
-73 180
150 2
-176 194
108 -133
-172 -121
181 183
-142 139
62 -119
22 39
23 97
101 -50
-2 200
-63 -155
-92 -169
-120 59
-43 -120
165 148
175 -115
12 102
-181 81
162 -1
198 -181
84 27
32 -15
-40 193
49 103
-102 200
-71 18
194 97
-25 -127
154 171
-48 32
-45 194
-196 -141
135 -25
-165 -89
-109 -35
109 -109
80 -25
68 -190
-120 -196
-140 67
133 -165
-157 71
-43 143
22 160
-89 169
139 -33
-100 -53
-139 -75
-189 163
-120 40
157 -200
-157 131
96 198
21 -146
102 -86
12 58
-131 139
67 -73
146 47
-96 -168
72 151
-185 135
-4 113
-100 81
30 -179
49 22
-123 166
-31 -96
34 -143
141 99
124 19
-3 194
-62 63
142 152
-123 -58
117 -132
-6 -166
1 173
-186 -91
-189 -141
104 108
50 -184
-121 -75
43 154
66 15
-187 -6
73 9
91 0
-110 -171
-22 -104
-106 -71
12 -120
-42 -84
-105 -137
9 53
-58 6
23 -59
192 110
-58 69
100 145
-197 -74
-14 -7
128 38
-26 -111
71 -15
12 -81
-84 103
111 -81
11 143
26 177
-49 -137
106 -152
137 -168
-168 -151
-111 91
-29 -115
-2 -6
-14 0
57 128
113 -9
-112 36
-64 -140
115 -55
55 20
-27 163
45 28
-69 -57
171 116
-132 -112
68 8
139 -20
-53 -141
193 -127
-115 103
-78 -147
163 31
-184 -142
-114 -140
110 -161
96 155
-104 134
187 -53
-65 127
200 -16
99 -12
175 15
196 193
-76 64
48 -190
-71 41
159 -180
176 150
97 -11
166 71
-159 -189
151 26
165 -161
184 -163
-70 -91
162 -10
45 -189
-42 -190
-3 -176
-170 21
-188 54
-53 113
3 171
-50 -92
-76 -3
-122 89
155 -65
-22 16
99 -51
184 150
-9 112
-37 120
19 95
95 -72
24 56
192 110
53 -30
4 131
-23 -4
104 193
151 -56
-56 -45
54 -55
174 -20
-173 197
-170 135
164 -136
185 50
-38 9
124 -91
154 -12
-170 167
22 110
74 12
40 61
-160 135
28 -194
139 -177
-113 198
11 109
-83 79
-40 -108
115 -138
-185 163
-36 79
-71 170
194 -57
136 -171
-51 -120
50 -70
102 -74
21 -88
-129 49
-132 183
124 94
-60 197
128 -74
-25 70
-122 -53
-155 -41
94 -69
29 -168
150 142
-196 -79
72 -129
163 -55
-103 160
13 137
36 -104
-91 -120
143 -140
-40 81
-154 -4
-43 66
-58 163
-74 -158
154 98
65 116
-131 5
-32 -21
114 -41
-47 183
-132 -20
-79 71
-23 22
134 16
-176 158
-111 -144
90 183
176 -43
33 -118
151 -102
50 56
-181 -163
106 169
29 109
0 154
115 -62
-8 -132
-137 -32
-59 118
190 58
-70 -50
-164 61
-54 -103
188 -38
-99 81
-109 -51
-29 156
199 63
11 137
67 39
72 167
75 41
142 118
-52 -37
56 21
-97 -171
36 172
-70 -125
150 -7
-99 113
166 -10
155 134
152 148
-88 -21
83 71
-74 85
-157 -125
-7 -88
25 197
52 -47
91 -29
-88 -93
25 50
-3 121
193 -84
-1 198
106 96
-183 108
98 -191
14 -18
137 31
152 -37
48 89
172 4
194 49
35 8
-153 88
99 -174
168 96
-183 122
175 72
135 -111
-39 118
-73 -155
-20 87
-142 -196
142 97
-95 146
76 -128
124 4
-88 143
124 -178
186 -80
65 -96
-9 -38
116 186
-113 -91
16 185
170 -84
-112 -153
-49 -60
185 24
-118 182
-138 39
140 -25
123 -126
-63 -166
92 -124
-3 156
87 14
-60 -106
47 161
-168 -130
-75 3
-114 -63
-193 12
66 -144
8 145
32 169
-161 191
197 -132
47 -130
-74 -183
-62 42
-105 -8
4 22
100 -3
-67 -62
-96 -179
-179 157
67 -4
137 168
-67 -57
85 -148
-48 -86
-11 -105
-168 -20
-82 44
168 137
-63 134
-134 76
-12 -3
-134 -190
-171 -117
144 136
-13 -196
-134 -108
59 24
-115 123
117 93
-11 -83
-158 -5
31 28
-55 21
159 -182
2 -153
-189 76
140 151
151 -194
17 8
-48 70
-79 -200
-73 90
-78 81
-43 -80
-74 -162
-47 42
79 138
160 -115
-48 133
159 -45
32 111
-101 6
-142 -34
73 146
126 57
175 -128
117 84
68 -34
197 189
-188 43
-194 -148
159 -194
-156 -81
-55 160
-46 49
-89 -186
-30 140
-58 85
-26 110
-76 -77
-88 173
-195 -39
-6 23
94 -41
92 50
-56 168
113 176
106 -126
14 112
101 140
-12 -194
154 8
-174 31
98 -133
111 -116
-121 153
185 -49
-65 33
-141 -23
-69 -1
53 -16
78 143
48 -190
-72 -74
116 -99
60 -161
176 95
150 68
180 -69
33 -55
-59 153
62 103
154 66
-144 175
-88 45
24 82
-173 -51
-28 128
177 -88
94 139
154 -29
185 -187
-194 -181
-163 -159
174 188
-75 101
-40 53
-172 -63
166 -10
-107 -3
70 -49
-19 95
-150 -138
92 -1
183 138
97 -73
-182 -85
-21 29
-105 -187
-92 -49
-70 -158
71 -75
102 -9
119 46
186 -116
-169 33
150 195
-199 95
-135 -134
-172 -151
22 131
-91 -180
135 110
9 -192
16 -73
142 -124
89 -51
-129 -76
179 1
164 -67
-108 191
18 -100
-164 70
-13 -196
25 27
-10 102
170 -180
-85 147
63 -114
-112 -169
-146 -53
109 -68
25 174
-115 85
-158 -132
-26 -78
-96 93
-99 31
68 -32
-85 -156
151 -94
-183 -114
-56 130
133 -82
54 -170
185 -169
-167 141
-155 -154
-54 85
-36 -158
77 -13
105 -7
-61 95
137 -195
-17 18
-61 12
-135 -17
-153 -180
-30 -186
75 -72
123 160
132 17
-132 189
5 69
-79 93
150 118
-147 98
-135 125
198 -68
108 -64
54 51
-162 75
87 196
-102 1
102 191
-3 -171
-161 149
-95 -39
156 -193
20 -160
151 -13
102 -196
-127 138
-19 -136
104 192
145 -13
-21 -92
102 21
142 62
-83 180
84 -196
-26 -34
21 198
0 -177
133 -4
-151 -18
110 -26
173 158
54 23
-54 72
-2 -29
-15 20
-45 -122
67 -164
96 -108
-173 167
-190 30
103 40
-109 103
-167 -25
-39 163
148 84
-85 8
-96 -19
21 -55
-34 145
179 -186
41 77
94 -103
46 -105
-29 73
-189 157
-15 58
-54 160
172 -163
-114 -67
-127 163
-33 179
65 168
180 -117
-59 -147
84 42
176 -115
20 47
184 110
-3 167
-146 107
46 -1
44 58
21 128
92 196
-88 -10
-173 116
2 -41
-72 -164
49 -55
-134 -107
-41 -166
49 1
38 -71
-83 -180
-122 -144
-4 -82
-83 -174
-16 128
96 64
178 -11
-181 -131
111 31
-87 158
171 -115
-171 -39
-64 -25
168 -41
-144 119
-41 -5
11 167
47 170
161 -97
57 -49
-138 108
-13 -195
-78 30
76 198
77 -119
-137 -126
-89 -55
-71 -89
167 -85
-95 134
134 191
-69 44
43 184
196 88
156 96
106 -112
148 -191
-68 59
-192 9
119 185
-54 145
103 -6
115 -1
-186 164
150 -106
114 5
-44 -71
-94 56
149 -67
109 -193
42 200
156 -83
-76 -86
139 51
-102 98
-90 -157
-99 24
-41 98
-4 -40
24 187
123 117
-143 -161
-84 18
-111 -136
-191 127
169 -158
-181 81
-62 200
24 -89
-75 -7
-96 -10
109 -180
91 -7
18 -32
-92 71
-96 -139
57 -54
72 -81
-115 -76
-60 21
-182 151
-91 35
-166 -112
158 173
200 52
162 -44
-122 -71
192 -93
112 127
183 -6
143 -49
159 -158
-79 197
-15 107
51 127
-189 -96
-5 -140
-147 -4
-118 14
-170 -12
33 76
43 136
-38 -83
32 183
109 -37
-44 -50
118 6
-37 123
-93 -18
-131 -140
-155 -107
112 149
-31 7
37 145
-31 -48
2 192
-74 72
-38 -71
102 179
6 -98
-32 25
136 -56
-83 -193
-132 175
-133 -148
-33 169
59 52
174 166
80 -27
-145 11
-154 39
-81 87
-18 -7
52 51
35 -180
-60 -134
-17 -31
190 -198
45 5
3 179
-141 44
49 83
73 -75
-20 -184
-174 -69
39 -59
72 22
172 -21
-51 155
126 108
16 150
-128 -183
-81 -38
-65 -186
113 -163
-19 -24
-152 180
72 200
161 0
-58 -3
71 -45
-166 195
82 147
43 68
150 159
-63 -5
-185 -113
-138 117
-64 67
-13 10
-36 27
153 -87
-172 175
-175 -140
-53 164
-168 -89
81 -13
-198 132
159 -93
-190 116
142 -121
46 64
89 175
-156 -60
-107 17
38 -67
166 -148
192 -42
-120 -197
-135 181
-135 80
127 -147
65 -150
169 105
-144 127
-149 136
-121 -121
22 -24
182 -100
-109 -69
-71 -39
-102 58
-169 163
-76 148
125 128
48 106
62 -75
-156 192
-159 -46
168 170
-126 158
192 -126
-194 25
-103 2
-174 -122
82 -2
108 -140
-134 36
122 -110
98 57
164 -166
-66 77
-28 142
-75 -200
166 26
-131 -67
127 -189
56 -29
-183 158
140 101
134 131
131 -110
-125 -19
-177 -146
198 143
194 -129
162 -172
124 152
-55 193
-194 -131
-148 39
22 0
-189 -185
0 60
112 153
-78 -184
47 36
138 -151
-24 57
88 -157
-180 30
134 -198
-180 67
86 167
182 55
-17 -64
-58 161
2 -151
92 -47
-4 176
110 141
28 -8
123 133
113 125
-114 -174
127 -71
-91 -200
133 -190
-169 122
-76 46
174 -63
94 140
96 140
158 -83
-33 -153
-88 167
-82 -64
196 -126
165 138
10 -158
-120 113
-171 -5
10 161
75 -83
185 154
122 -77
-65 122
14 -200
-102 -116
174 106
189 -104
-22 56
180 115
-70 111
-83 39
-40 -105
173 -78
-88 -174
-185 20
56 34
-143 186
186 114
2 -63
13 148
30 75
162 107
180 38
-51 -174
188 22
140 76
-106 -22
144 166
-127 153
155 114
58 -72
-192 86
-127 -20
100 -106
-177 -83
200 176
184 84
-166 -15
-121 178
-113 -22
174 -111
0 -95
98 -42
-34 90
181 -4
73 47
-91 123
-98 119
-10 108
130 -75
-157 -15
-73 111
-122 113
-187 -119
-101 14
-71 188
170 16
60 -171
-80 90
15 -198
109 152
128 55
-60 -109
-68 -147
-26 77
189 166
-189 120
-146 -15
-1 -83
67 68
-156 40
-65 -144
-16 -174
-41 -18
151 172
119 122
125 -14
-133 -197
193 -19
-135 67
-45 85
-130 56
-154 -124
53 29
-176 -92
111 22
-40 -93
-138 107
47 107
32 -87
-158 62
-192 73
193 -141
16 44
-54 -87
180 200
58 19
-159 -196
93 -119
14 123
-142 161
-97 -7
2 -122
-9 -7
178 179
57 178
8 197
5 -31
103 -162
-33 146
23 -149
-86 -129
-78 88
-111 62
-132 -112
156 153
-86 146
120 -36
18 -137
-121 133
16 151
190 -126
-126 157
-171 -108
-196 120
-40 33
176 -96
-197 154
-187 -140
-188 180
-17 -161
176 -152
-24 80
-200 127
95 150
-18 -65
121 155
-91 19
188 -7
119 -58
25 61
142 -8
200 -98
129 -16
-111 -199
-25 -115
34 -92
-34 -109
-80 173
-189 74
-142 6
-167 -116
-170 -60
28 -129
-188 173
198 23
-126 -140
-30 -42
74 100
-83 -124
50 -76
121 -185
192 -48
-126 197
117 166
-151 77
155 113
-177 152
-77 -100
-122 -67
-198 -187
127 -95
-177 40
20 67
133 -72
-174 7
-153 143
-187 5
-3 42
-188 -95
59 -192
94 -178
15 -80
-154 172
-192 94
-149 -140
72 -133
7 179
-144 95
-181 -14
189 28
33 -7
-200 -120
57 -117
200 -75
108 -183
181 -37
-45 -13
177 -4
184 55
44 169
-66 189
36 -157
-6 132
134 -93
-48 168
-19 87
-59 186
-5 65
40 -17
63 -164
110 92
119 96
-98 -107
68 15
79 127
158 82
135 18
-128 -114
133 198
43 -113
38 -149
-136 -92
119 84
-199 87
190 60
-72 -20
-117 10
-6 -105
65 87
57 -103
-198 -6
181 -112
199 152
-154 -53
-57 56
106 -73
20 -62
-185 96
-72 -90
-58 174
120 -113
89 -126
186 162
-124 -2
186 -197
-187 22
34 -36
194 -69
-103 -123
-76 -10
98 158
-109 -68
-2 172
-158 -152
-143 -77
60 22
53 102
47 -157
-71 -90
-193 -35
-57 103
-62 11
-153 61
171 -39
-193 -94
-169 -182
46 -152
81 188
-133 67
-60 28
-134 181
-87 -123
-116 27
-161 26
-28 85
-70 161
-190 -11
128 -148
171 -133
187 -185
-35 -35
63 63
126 170
89 122
-46 6
149 111
12 22
-199 115
-25 113
-124 162
79 173
-137 -24
-70 -68
-68 127
166 -50
-36 -114
169 11
-37 194
138 -175
101 -21
-55 -192
144 -99
52 -47
-103 118
157 130
-155 171
112 -121
152 180
61 -3
136 107
-185 -19
-68 103
125 -182
144 30
-141 -97
56 -77
32 -151
-34 -192
-5 -148
-147 81
193 -90
51 51
-39 190
-25 144
59 -126
-153 -38
176 -3
141 186
-53 186
171 120
7 -25
151 -19
155 -62
-163 -133
-110 14
115 17
-185 -156
-94 -186
5 14
-81 189
175 62
-171 113
191 -190
63 -46
65 -99
199 -50
-111 -132
149 -65
120 119
-79 -23
-87 -167
140 14
110 122
-117 135
-145 -50
-198 -38
-191 141
-168 0
-30 -15
78 -23
55 21
-157 -18
74 -193
139 106
48 -122
-194 28
-199 55
84 -146
182 -155
130 -170
-143 -1
108 -8
-39 154
-71 -49
-116 168
88 15
140 50
-14 -162
-142 157
-70 81
82 139
63 119
-65 107
-96 58
-175 -182
-24 -182
7 -185
144 -60
-74 98
76 -75
-69 -174
-141 -86
-46 170
112 -179
-6 -43
-99 34
-41 115
87 -25
-68 141
-36 73
-124 -130
-27 158
167 -109
177 -183
101 -177
-61 -62
-172 -53
138 196
159 -94
-85 -102
-34 -184
-62 105
-53 -15
44 104
89 44
23 -13
182 114
-59 -24
137 -14
-124 -138
195 176
-32 -43
50 166
-42 -36
13 -86
-133 8
-80 80
-45 2
-28 -197
131 -85
28 8
29 6
-13 56
9 -183
33 -179
45 -169
-117 195
-64 12
149 -39
-153 150
-13 75
-143 -89
-66 -127
-163 -2
-197 -68
-158 82
-147 126
-73 -60
-95 -182
-133 -89
-43 86
-151 -120
-41 9
-140 -35
-117 185
-25 -44
80 127
105 166
-166 37
178 -57
162 -129
-8 -24
143 -59
121 78
-34 54
169 -175
14 -22
62 186
49 14
-37 129
-61 -2
172 -70
162 -186
-146 10
163 -188
11 72
-168 -28
-122 184
-92 16
80 -5
104 105
138 172
124 108
-152 109
43 -89
-124 -50
-163 -85
165 57
146 -60
-183 -22
105 196
-82 51
53 89
179 185
137 116
-9 -183
-162 101
157 81
-82 -76
-187 -141
63 -35
155 88
-146 7
155 68
-34 134
21 -156
145 144
-132 188
-11 108
-36 -187
-67 44
-92 90
197 -94
-169 82
-132 -137
83 -83
-77 -130
-35 30
-128 -77
2 137
98 -45
-72 -70
185 -32
50 137
-149 187
198 -137
-184 17
-174 -113
110 99
-120 -23
-8 44
1 -148
-37 -51
-119 -110
200 185
-19 -22
-93 -113
160 -176
22 8
82 169
-84 1
163 -113
-84 -172
-95 95
-62 19
40 145
171 22
-90 195
-81 -131
157 -18
-5 -22
96 -153
-109 -187
148 132
-35 -73
-88 -136
-36 26
-15 179
158 -162
-62 -15
174 17
-89 -81
-118 -177
-130 151
178 32
180 -52
100 118
-162 129
-11 -149
97 -187
-190 -55
-104 -74
149 -108
66 -175
-47 162
-109 -122
28 -188
-89 67
88 72
-98 89
-1 183
131 191
192 -181
188 76
-41 -44
128 122
-81 200
-82 -189
-139 -78
4 161
-65 -147
-129 -179
-117 -157
146 -144
200 81
-183 180
87 17
94 39
133 -33
3 -119
75 -176
4 -28
-8 41
-55 87
185 145
152 -172
-171 -94
-4 -32
180 -52
-73 35
-110 157
-9 -193
125 123
43 65
-87 -66
-29 -129
-142 7
-136 16
-140 -89
-140 -61
147 -55
-63 -99
-160 -125
-181 119
13 -181
16 161
144 34
-88 159
0 50
139 46
-4 -15
82 -128
171 -16
178 -149
-172 95
121 8
13 -176
-184 100
-116 -70
170 144
-155 -5
187 -14
-49 -191
33 -125
16 119
-176 -185
-104 47
2 -62
-166 -154
38 6
-187 -194
116 169
142 -37
192 -114
88 -170
-32 -69
-25 -134
99 133
-146 192
180 31
-86 -162
-60 53
131 -131
-170 -76
108 -92
-42 22
-140 194
130 168
140 193
8 -145
-120 191
-167 -151
-69 35
-87 6
118 82
58 150
195 -200
-194 -76
-113 170
70 -166
-199 138
67 -130
-30 -176
-145 193
-199 -42
-141 80
-124 126
38 198
83 164
-82 -129
159 -64
-164 -32
-131 -91
94 89
163 11
-169 -94
4 31
-191 -49
-179 -69
7 -121
75 195
-112 105
-99 -97
42 36
91 51
172 178
39 52
-116 7
148 166
190 -172
108 87
-13 21
-50 -150
174 146
120 -133
64 -44
91 101
4 -5
-133 63
-7 178
20 -76
161 -41
139 -126
-175 106
45 62
178 108
142 0
19 -178
-164 143
-114 8
-29 120
-46 61
-108 184
-140 -82
117 -52
192 -113
-131 103
-68 72
134 -126
-113 -10
-108 47
180 -171
48 -89
-171 -17
-125 48
-101 159
113 142
18 155
2 -22
173 24
-17 24
58 20
-143 127
-61 77
-18 189
49 59
-6 -134
-36 -92
-179 137
26 -77
94 -57
-39 84
164 -97
-161 -57
164 121
-116 193
-137 30
122 -55
19 -159
200 71
-4 -71
-196 -32
155 -181
153 -6
-63 -44
-72 -63
22 51
101 -79
-101 30
111 174
-35 -138
70 100
50 -63
104 12
191 29
167 -156
135 -42
-114 -92
113 -76
-68 20
84 -32
61 -88
-62 42
46 -75
198 -54
-164 -119
157 -152
170 71
161 -145
42 117
-146 -60
159 -29
40 -102
111 188
-136 76
-196 0
-194 -162
-9 188
26 66
152 -32
141 -56
26 -108
178 72
-48 70
-168 20
96 -174
34 -189
99 159
121 31
-175 -147
-5 -111
-12 -114
-135 37
-182 7
-149 -150
-6 -90
0 -172
-158 58
-108 20
49 8
166 169
-179 -49
19 -196
23 -188
-52 151
-52 187
-132 146
-94 -62
81 139
165 90
194 97
-11 -112
197 -175
-103 192
-146 16
-167 -69
31 -89
86 -12
-75 40
-146 49
15 -69
147 137
-30 97
-54 -160
37 93
102 -44
-160 115
-115 8
-75 77
-58 176
-42 153
140 -101
44 110
-92 148
198 123
105 32
-53 36
-105 179
-186 -20
178 -170
140 -193
-17 -105
31 168
-19 -112
87 -195
199 135
-62 56
-21 -13
-145 10
-43 86
-113 141
31 -34
109 129
-117 27
147 155
126 -88
32 -17
-149 149
189 185
181 42
-106 124
-165 -110
-72 -20
-191 -121
-109 13
-38 -127
-31 -48
116 75
-165 -58
-165 170
106 19
-183 -128
-11 166
140 166
-176 2
-40 -14
-84 -68
1 196
-163 11
146 -20
-93 -95
-181 159
30 96
148 5
83 119
-129 13
139 26
29 84
-96 70
-179 -113
-92 -140
-106 4
82 1
-138 169
128 11
153 -75
83 148
109 112
-163 188
170 -3
-145 -17
-125 9
-135 -128
-32 189
180 -15
-8 158
10 0
132 104
-102 -7
37 -186
-8 -99
6 -5
-67 -110
95 167
-57 -137
182 119
149 -92
185 30
83 146
183 -8
-128 191
-164 140
-129 26
170 -190
134 -8
62 -13
198 -158
-92 69
48 -170
-70 -39
162 51
104 110
70 -122
-12 155
-126 -180
112 195
115 -166
9 -41
78 -164
135 61
-20 -188
111 97
-12 -61
-173 -116
129 -191
-38 99
-44 -123
-80 21
-94 -43
134 169
8 -197
-22 6
-192 98
-174 -86
31 200
-147 -117
50 42
181 -185
105 77
36 1
-192 184
83 -75
-133 -138
-165 163
-196 9
0 -130
-21 -43
111 -179
40 62
19 -73
32 103
-196 186
107 165
-108 -18
-199 103
-118 -192
43 172
-83 133
-35 -13
-71 -172
47 52
-62 -194
-10 183
158 -112
92 4
-59 133
114 105
-177 116
-84 91
141 96
-144 -137
113 85
113 -39
-13 67
-69 124
10 122
112 89
-41 8
88 -57
-149 -43
-36 156
-135 -115
81 194
197 -182
185 10
-50 -13
-24 50
81 -189
32 -114
197 55
-11 39
-141 -121
19 -175
141 7
4 -16
-184 18
175 153
-142 145
182 0
39 17
160 170
100 5
124 -180
-135 55
-60 174
199 49
189 26
-184 -9
-90 -165
-93 -109
-161 -42
-104 -92
-43 104
-65 173
179 186
-17 164
-100 -195
-157 82
-53 -6
92 149
15 -139
115 -136
-81 -11
128 75
148 114
155 73
148 194
-93 -67
-166 -176
106 2
-194 173
-86 -149
76 -50
151 -42
67 -175
-72 53
108 -27
-57 -39
110 -117
-39 -185
140 -74
6 184
-55 150
-90 -147
108 106
196 -9
65 -198
163 101
176 -110
186 182
-161 40
127 -188
87 -174
15 -185
-124 191
-97 178
123 -170
182 -130
12 142
38 59
-150 30
-187 137
-134 -9
49 163
149 -95
-175 122
-76 -83
145 38
-50 -188
73 198
138 -135
34 -7
-103 -180
96 -125
-9 -15
-159 -158
38 -110
61 85
-180 -90
148 -158
16 -60
-47 83
78 37
133 -173
-143 -45
-40 -86
175 123
-78 11
-159 175
-175 197
-80 184
150 193
73 -43
88 -112
-70 -184
-51 -33
82 -187
-127 -92
-148 73
180 198
177 108
20 141
200 64
-126 -105
-88 -41
180 -42
-88 -138
32 -167
41 -185
-155 -195
40 1
55 167
169 175
156 105
56 31
-49 -87
-196 -189
-66 94
-125 75
118 -70
189 -33
-125 131
-103 104
-40 -79
19 -179
168 5
-9 -119
22 -143
-139 -90
16 -180
-52 55
-146 125
30 113
121 84
31 -156
-59 -187
-13 159
-72 -41
-26 -98
-49 88
-49 16
-174 -110
-89 140
-16 126
122 -171
-27 -118
-57 41
-49 -6
152 39
60 69
-49 -35
-86 -126
178 103
152 -172
54 187
-64 184
-102 57
133 -158
-85 189
44 136
74 -166
96 -169
67 79
-130 179
85 28
141 111
-175 96
-107 20
-13 -49
-126 159
148 73
44 -59
-84 164
119 -41
177 189
13 -29
-61 -47
95 -26
-36 -50
-26 -50
-90 48
-16 -76
128 134
-95 41
-18 112
168 194
160 70
-87 27
171 -78
136 -11
-97 130
-154 145
-93 188
128 155
77 -195
-100 54
-16 -3
41 181
-133 -107
-125 32
-99 90
191 96
-114 187
109 3
-149 -153
130 -27
-125 -145
16 -113
-85 122
68 10
-166 39
-58 48
-74 -179
34 -181
98 -52
-26 -18
54 -94
50 190
39 -153
-147 27
99 -160
-29 -160
24 112
36 -104
59 -127
-88 159
99 151
172 121
-8 -154
-29 148
-75 -198
112 -163
-115 -7
-58 134
-102 80
57 -12
-101 66
-77 -167
-101 36
129 -14
-24 137
-177 -16
169 190
114 -112
-187 -79
-1 -160
157 -169
167 -36
93 136
48 -49
166 -147
67 -73
-56 29
-183 -89
-47 -120
-151 -54
-127 134
117 4
-181 23
19 19
37 -130
-163 -126
-161 131
135 -96
149 45
68 -7
-66 56
49 127
-167 82
-75 -99
-185 200
179 -12
144 -159
-7 70
-135 61
55 -97
40 -4
-46 -10
-10 -47
-58 20
-10 167
156 -74
174 -73
158 106
-60 57
198 103
-57 40
-70 65
-38 -11
-121 -87
138 -176
62 167
-40 -168
197 171
180 123
-80 200
-91 87
-114 -4
13 -143
-10 -159
82 189
-137 -157
186 161
-99 161
-177 -91
-29 112
-141 160
191 -19
31 8
144 30
0 82
181 -196
164 -151
54 102
50 -33
-63 38
24 -56
-108 -198
-103 -45
9 18
155 48
60 21
139 -128
75 -138
-190 135
-11 169
56 -165
131 180
100 -152
169 -37
53 -28
-162 -135
-34 145
-66 -66
181 29
-156 111
-117 46
142 91
-101 -15
81 95
58 177
48 -136
-150 33
-194 192
-85 167
83 -110
-179 -114
174 -127
118 -170
135 167
-76 108
50 -190
60 -97
-134 -94
-55 141
-173 6
-129 81
74 -189
-67 198
51 185
-167 173
138 128
93 -135
-172 155
39 55
122 -147
175 113
167 140
133 48
-65 161
-18 79
-146 44
89 167
26 9
6 -170
18 117
0 -186
-76 80
-90 -187
52 -51
-17 -43
-89 -136
-71 28
-173 -144
-171 91
-4 -144
-140 136
167 -5
-97 87
-155 -155
135 125
-30 40
123 -45
26 68
182 -194
173 -78
-41 -27
-33 -103
-84 -1
-125 69
-187 -159
111 59
18 143
-157 35
-167 188
95 125
-6 0
-6 167
147 -38
102 -164
121 184
-28 91
20 141
-23 18
-6 -155
6 -176
-56 39
-83 -155
-193 -198
175 -55
-9 105
199 3
-31 -170
-12 82
147 -176
84 114
107 88
183 25
22 -181
142 -54
-141 -183
-183 197
-76 101
-2 7
199 -57
59 -144
-140 -94
-139 -68
-130 -88
-200 30
-9 -103
64 -139
-144 -87
51 102
-8 -15
61 28
-127 -162
-23 -90
5 57
-101 -124
-83 95
-47 4
111 -172
-23 -197
28 -198
-179 170
-124 -62
-54 -20
75 -34
75 51
-14 59
64 64
-44 131
-73 168
-130 127
-58 -1
-33 152
45 -25
60 52
13 -188
-30 -13
53 -110
-175 152
-83 30
169 156
194 179
-78 186
-188 33
151 -2
159 -167
83 5
-114 150
131 -113
-23 -42
-128 6
143 199
-1 -116
-156 -168
-44 -86
-114 152
-80 66
-186 -151
-134 55
-116 -139
-14 -168
45 -153
139 -99
-134 75
159 118
-177 197
47 41
-192 -104
-28 87
161 101
73 68
197 27
-185 -20
-42 182
-51 91
173 81
186 116
-169 163
-12 -80
-48 -14
52 -74
-159 173
88 -20
-63 191
80 -11
-2 -186
6 127
83 133
-133 -10
16 93
65 -94
97 -151
-94 -40
19 -169
-179 -63
0 140
-43 -58
-160 20
-179 169
7 31
-112 96
110 50
90 -65
184 79
20 -194
-25 151
112 142
-105 -63
111 -45
-104 114
-34 -110
-27 -83
-45 -47
-75 192
141 90
73 86
-176 -165
190 192
134 168
119 -97
129 -178
164 -142
196 -20
63 -11
-26 -185
-167 153
-197 -1
-18 -156
124 149
-152 -183
160 -61
181 -146
-45 -141
-57 161
68 111
19 178
-195 64
-138 85
-185 124
-60 -74
52 0
-144 133
114 -64
-149 95
50 60
148 188
-45 64
-141 181
198 89
-27 51
-59 32
-183 -145
150 -101
185 -41
-42 -90
47 138
-103 183
-98 -4
134 -200
-21 -138
28 -76
-190 136
-93 -6
-164 190
-4 -173
122 -82
113 70
-191 -121
-19 53
95 22
-29 -127
194 99
-58 -125
122 162
-74 14
145 -46
-132 65
90 61
-108 -63
182 139
122 10
-107 -175
-55 189
2 189
-38 -103
190 154
22 56
73 -147
73 132
106 60
39 17
98 -61
74 -174
183 104
-196 -24
168 150
-197 -192
-67 -12
-10 157
2 -2
13 -1
116 -194
-73 -109
84 -191
172 34
3 119
89 158
-134 -143
66 -58
152 112
-104 -45
-60 34
157 124
-165 -177
37 58
-133 -133
152 -192
-123 -112
141 147
108 -186
-144 129
130 53
182 -180
92 89
129 57
-103 52
-52 52
44 34
199 -60
49 -1
-14 -18
181 -55
103 54
183 -2
166 195
123 84
-21 -53
190 -84
-75 -165
141 18
121 43
22 -103
48 106
61 123
-15 -181
17 -44
-121 81
-74 -44
56 -53
-19 121
155 -64
-107 -185
110 -87
-87 -106
-60 -89
144 -136
13 156
19 -82
200 109
-44 119
-29 3
-103 -113
13 -138
-187 -21
71 -145
-27 -15
160 -170
88 138
-170 -176
106 -125
64 79
-63 -170
126 0
126 166
40 -13
166 -97
115 -98
-32 31
46 148
41 164
153 69
-108 78
178 -148
22 -171
77 83
185 -24
141 199
-146 80
-163 57
-184 138
7 -183
-52 195
-162 131
-177 -106
-39 -51
-112 70
-86 22
-87 -24
43 130
-177 156
153 -145
57 120
3 117
-124 119
-122 -21
-80 -122
-90 -107
-195 42
-184 -59
80 -59
-157 -95
2 -67
117 23
-110 135
-144 -18
170 71
-126 -57
-162 -114
-140 -148
-159 135
-103 150
141 77
151 -141
-67 -81
91 -17
-124 107
-94 -113
-139 -80
-34 27
-99 158
180 -161
163 -87
-199 -14
-124 -108
160 -140
136 -44
-10 -99
-178 -178
95 11
38 123
94 51
194 26
129 -93
42 -45
-47 86
-111 -62
-57 114
91 -89
-200 129
148 91
-43 -184
-25 -170
157 39
157 186
-10 -85
-155 -24
101 -185
51 28
-2 7
81 125
24 111
101 84
188 129
-131 166
-180 -161
-192 -23
-20 -170
7 77
126 35
-139 190
-18 -14
172 97
-170 32
-93 -161
-75 55
-184 53
-50 141
1 -99
-96 34
89 92
-3 -187
-182 190
15 -94
-185 -166
-172 61
28 30
113 -133
-128 -177
113 11
113 -106
-85 -6
182 167
-55 -67
-183 -28
88 -119
-132 -88
-127 -21
-59 -61
-130 -32
81 151
-167 160
-64 -116
132 -124
-143 169
120 -197
-1 -88
-43 171
81 -181
40 -138
-48 184
-31 66
131 105
61 -45
-35 183
-11 169
180 -111
-31 147
3 126
-89 -131
182 175
94 -95
-13 140
127 97
122 136
103 100
-81 -2
-141 -199
-143 162
-194 -65
-198 13
-153 23
-196 57
192 -78
164 53
44 -142
-172 102
65 -132
-111 -117
169 113
-3 -159
63 -43
100 30
-171 -77
-43 176
68 71
160 -174
-84 117
145 -2
-21 145
66 -101
105 180
-29 -13
72 -130
-149 56
173 102
140 -188
85 140
-91 -4
85 191
61 -37
109 181
15 82
178 -79
81 -150
143 173
-192 46
-146 -138
-20 -199
-41 161
-179 -64
80 134
56 -77
-51 37
61 -170
-171 148
-91 2
105 -71
54 -98
-82 -119
-17 -117
-154 107
113 106
40 20
154 33
152 83
65 133
77 -35
-187 178
88 -65
193 116
32 195
-24 181
-165 -95
-102 38
98 173
-77 -145
-92 -3
-134 -196
84 76
144 -107
-98 29
-142 138
-93 -113
49 77
60 169
134 -100
86 191
8 138
-147 183
-154 -40
185 153
124 -162
-72 -178
-110 -66
100 73
-77 14
-61 55
-88 -62
-59 119
-120 125
87 -46
138 25
-123 59
190 42
179 -51
-177 -193
108 67
-86 92
120 -53
-112 -34
94 188
114 -69
182 -55
-145 -87
-118 -36
-176 -123
-174 -65
-74 118
-77 -198
-10 -163
-83 180
36 195
-85 176
16 -107
-28 -78
-81 133
-75 -174
137 132
32 177
-51 -141
-43 158
-131 142
-100 -162
-181 -118
31 -89
-11 53
-136 116
117 25
142 -5
-109 -100
-117 -89
30 190
-144 -43
54 -15
196 -166
125 -195
3 164
156 -117
-97 92
103 -37
-67 -79
138 57
104 -26
73 -177
79 147
199 31
124 -94
195 141
112 -29
-181 -64
-134 -22
40 -46
-140 -4
-185 -145
44 -195
-139 25
95 -97
-81 94
-4 179
10 155
65 -37
192 21
-190 112
-16 153
56 20
27 192
85 -1
122 -133
-129 119
-42 187
35 -117
173 -182
-158 106
-124 19
106 -192
9 -153
88 31
-38 -127
83 -151
0 7
111 119
-92 61
152 -5
43 65
42 -19
-193 -28
-112 -64
-80 179
-97 -94
-163 52
102 194
179 -186
2 -111
99 -181
11 196
-161 -160
121 -116
-110 99
40 -111
-63 -119
180 38
150 -73
-181 -74
-58 -12
93 27
18 41
51 -155
-51 -118
-101 152
108 130
-8 116
13 -46
-89 147
-48 -77
161 -99
-110 15
-166 188
-124 125
81 32
1 -198
37 -18
130 164
-30 -124
-123 16
-74 89
-69 89
-131 117
-31 -32
96 -182
43 -121
195 153
4 33
36 -114
-126 16
-118 -156
-129 41
68 131
124 160
-137 -39
-48 76
-73 117
-93 71
-92 121
-15 -69
136 31
96 -109
-150 -139
-79 -195
61 155
174 0
55 145
-17 -112
173 -85
187 53
-16 138
143 125
-7 97
-97 147
6 145
-97 182
-61 -69
119 -84
26 -34
155 123
141 -191
86 89
49 45
-167 68
25 102
54 -121
101 158
170 -162
-114 115
69 191
65 -16
-189 129
-152 136
13 -20
71 -141
159 14
-133 -108
49 193
-93 50
-84 177
-58 4
-1 140
166 -184
-61 -187
-118 153
-86 -31
-94 -12
35 10
33 -119
161 179
95 -68
161 141
-107 -94
42 -173
121 -101
-25 42
-28 -164
-24 141
80 -140
-155 -125
82 50
-58 -179
54 -35
-155 0
52 -165
3 -154
-97 173
70 -52
32 109
52 -37
150 -108
-71 31
-76 -4
194 78
-187 -194
113 -106
19 59
133 -47
40 -89
75 -66
-175 163
146 122
176 181
-2 77
67 199
168 -198
94 -191
91 -111
-3 183
110 26
71 154
61 -21
141 190
65 194
153 -14
134 96
3 -18
-131 192
-82 -135
-150 45
170 -115
58 98
-177 76
-143 40
168 101
-75 -176
-29 -170
26 -105
51 -33
-121 196
63 -107
113 67
91 -82
169 11
-125 -146
-69 -22
-178 174
106 -105
57 200
10 -56
-163 -169
-67 12
-180 119
-184 -14
49 -154
67 26
-187 -144
-199 93
-109 -145
170 -81
-37 197
-173 -52
-154 103
-17 -15
-65 -108
-143 156
-195 -70
-148 -120
-15 -58
-152 88
79 -25
-142 -167
146 48
-81 -7
-16 89
-93 -3
8 -118
83 -116
117 74
85 87
65 137
119 25
-70 -17
-30 -151
159 151
-29 31
50 -93
-149 197
192 -13
104 -142
183 92
-5 -192
48 143
-192 -169
120 -28
171 -23
165 -69
-10 -12
-193 62
168 -63
-194 -174
144 113
-122 -142
177 -53
-170 -4
-165 43
-23 17
46 -154
55 -82
-103 -112
-105 -21
-55 161
-2 185
-66 140
-7 -106
-148 -71
-36 96
-146 4
-79 -188
-84 136
-169 -39
113 191
64 -81
-10 -147
-125 105
10 1
107 -133
-99 -166
8 135
121 83
-163 -55
139 101
0 47
83 -99
-46 -197
116 -181
-182 -42
-80 84
-168 146
143 -69
181 -15
-47 88
191 44
156 172
29 -182
72 -123
151 -43
137 37
-108 -151
-103 -59
33 -169
-167 -128
73 146
65 -56
-88 -150
-129 -61
142 103
-111 83
-47 13
179 154
43 -110
121 177
-33 -103
53 -6
113 -105
-145 2
-98 -145
-157 177
127 64
161 -30
166 -158
14 66
130 45
-68 117
80 85
-145 -182
-197 164
5 136
186 167
-171 22
-145 -71
187 -177
2 -174
-65 -166
-63 154
41 -171
-120 -21
-174 136
48 8
111 -48
-165 148
146 165
6 34
-156 92
58 -127
195 94
189 22
-166 -57
-154 11
-64 155
-104 180
-121 187
173 -190
-157 -42
83 135
-97 -81
-163 152
73 -165
144 113
58 162
80 193
185 116
-196 83
-178 -116
29 138
-111 -159
11 -117
93 -54
124 -132
106 -76
-124 -174
181 172
43 83
152 199
167 152
97 145
3 49
95 56
189 3
-40 -66
-20 112
-51 -193
-35 -9
136 162
30 -88
89 -154
-41 -125
-165 163
-90 -7
75 -12
184 -179
35 185
-163 111
-76 -144
-92 -68
19 189
85 108
40 85
138 60
180 17
62 -163
-168 103
-17 -194
199 -151
-9 141
43 -185
173 40
-134 -86
200 194
81 176
-74 -194
-24 -138
-73 127
164 -78
6 -45
172 -111
-88 -121
-160 19
-110 14
130 -151
153 8
104 -174
-137 -66
185 -115
23 -62
-122 114
-126 -18
25 134
-192 -40
-154 79
132 39
25 131
119 -174
77 -16
-22 -84
-10 -27
62 -89
45 170
178 -87
-75 -159
-157 -146
-153 200
-43 -21
-28 135
-129 88
118 195
-32 156
40 -10
-90 -162
-48 -199
38 -120
46 162
-166 -44
-41 32
175 195
-80 -14
58 162
-81 -64
-10 58
185 -6
-110 -199
121 136
-189 169
136 -195
19 -182
-9 113
175 -49
-46 117
30 -148
164 51
63 154
-36 124
101 91
3 -151
-72 -73
140 -199
10 16
-172 -53
128 54
81 -43
57 -40
193 86
-94 -50
141 155
172 -24
194 -112
128 147
-105 -72
137 -142
-75 -110
81 96
-10 126
-165 124
-133 182
-133 155
-76 -62
14 148
-177 146
-134 -113
-196 38
-132 138
-43 121
-23 3
1 159
171 136
-145 20
-13 5
-88 82
-94 59
-189 -137
2 -69
-45 -199
-88 45
-104 92
-71 199
74 195
22 70
10 15
-114 -164
94 193
-184 -38
7 -116
-92 -178
187 -98
151 -159
-137 19
-123 -39
-122 -121
68 31
25 -111
60 121
-139 -49
134 149
28 -111
149 40
-184 -92
22 62
11 -190
-127 80
181 -137
-40 -99
-29 189
114 -116
-177 -177
51 -195
79 77
-13 -103
-153 -103
-64 -120
52 -100
-110 38
122 166
150 165
12 98
-84 -189
-36 31
69 33
149 -8
66 173
170 180
-58 -12
-39 97
-116 -90
195 17
196 151
-45 -83
146 168
-42 144
-78 140
16 -78
-161 -164
-143 -23
-177 -91
-55 -21
-82 104
66 -121
-76 -107
-120 -120
-177 16
35 -31
59 148
95 -110
-62 -62
-161 -147
86 -76
-174 -52
134 -95
155 80
119 37
34 -33
78 129
-4 -126
-108 21
-44 149
-20 157
159 155
-163 45
188 -150
62 -159
-198 -164
-142 31
-97 -174
89 -91
-137 8
145 -76
7 -161
-90 -190
-187 -17
112 -147
-60 99
-166 153
-149 61
192 56
80 145
72 159
-176 -98
-198 146
86 25
168 182
17 134
-4 -179
-73 188
-173 65
-104 12
116 104
172 -191
59 80
-80 -158
-70 97
132 -94
-182 -5
-64 128
-13 104
-178 -100
78 -51
-94 25
-65 -61
102 6
180 179
62 -157
110 -154
171 14
145 1
-46 -5
79 64
137 189
26 -177
-198 36
-88 144
77 194
102 18
-165 -87
-100 -51
29 -190
-47 74
-58 -21
-36 168
102 -39
-77 146
158 -50
-191 3
147 -1
112 174
76 -145
122 170
119 -16
156 138
-53 160
45 1
154 -169
69 47
-70 172
26 99
-105 192
90 180
-77 -69
177 -186
126 137
-117 186
183 184
-186 160
-114 -157
-103 -42
98 108
36 91
162 -112
54 190
-5 -89
-148 -184
49 -137
-176 -78
-28 175
3 -34
162 -2
-31 -88
-34 -171
32 8
-183 144
140 135
137 -27
116 174
-29 -57
14 -46
120 49
165 -132
152 28
150 58
169 119
-102 -18
-136 -157
157 80
-123 30
-126 121
-30 -180
-13 -85
130 -148
-55 -150
67 191
132 -68
-22 -117
-29 143
69 87
11 -6
-195 176
-120 56
-17 180
126 -190
-107 49
9 103
-46 -158
-41 -151
52 181
-121 -40
-9 -140
-177 32
77 108
61 -158
24 151
-153 -24
-79 -82
-53 67
144 102
-62 173
1 -14
-110 176
41 -190
144 104
131 -49
-163 181
30 -122
-34 97
-16 -48
136 199
-2 -170
47 17
92 120
130 -162
-27 165
179 -95
199 -3
-74 156
-46 19
90 140
79 -34
61 99
110 -96
80 -30
-91 149
-16 41
122 -107
152 43
-153 -9
-178 49
4 53
45 -18
-128 -47
-189 11
164 17
100 105
163 18
-196 129
154 124
-197 72
71 109
3 -190
72 -78
-75 134
112 -188
150 125
-94 -108
59 -87
47 112
149 42
190 -47
147 -174
-11 -114
85 56
-131 -19
-24 -40
57 132
-106 -111
-59 -84
170 170
46 167
129 1
183 -159
-93 187
136 -193
120 -66
73 61
35 26
-79 97
-169 -177
174 -88
5 -28
12 84
168 -59
133 83
-103 155
158 96
117 12
124 -191
-141 -131
74 -120
18 -61
-173 -171
187 199
112 62
106 96
-73 -165
-107 86
-137 -72
-169 -87
8 106
57 -179
-133 -133
76 180
-13 34
141 -53
-58 87
143 155
9 143
186 -158
-39 -28
-36 47
-58 12
-134 88
-200 -140
152 -84
-117 132
-85 -43
-192 38
-195 -9
-87 119
-51 48
122 -179
-161 -15
-48 68
-66 22
110 184
152 79
-122 48
136 -56
133 130
82 111
89 -140
94 110
44 17
38 -143
-180 -178
-85 -45
-147 9
-84 -194
-158 110
147 72
-49 -41
125 -53
-13 29
-67 -161
172 196
-200 179
34 -181
-125 116
-184 -62
128 -69
-128 -133
156 -30
-138 -33
3 -8
55 154
81 -108
-49 -138
155 129
9 -163
116 77
-130 197
43 182
-119 42
96 -146
55 -25
-182 -188
-25 -159
-66 -124
-176 162
-186 118
-76 -182
38 -108
85 144
-128 -18
-66 -104
-137 -89
197 167
143 -87
64 51
7 -175
26 134
136 141
52 -146
168 -122
171 -81
-110 196
148 -55
57 -164
-51 30
-74 84
18 20
167 97
68 -190
79 0
11 184
-43 -168
129 -131
81 60
142 -16
172 45
-13 -148
3 120
13 -110
55 -81
45 -67
-4 72
129 12
-194 107
32 -45
-179 -143
88 -131
57 -101
13 -164
-58 -69
-93 -185
-134 -23
197 51
-180 -44
-32 -78
-109 -199
-183 -12
51 194
176 162
117 109
91 -84
0 -169
87 -189
-63 -76
-122 -72
-150 -1
-52 101
100 -170
75 182
-71 128
-133 -146
196 -98
0 -44
15 -195
-89 169
139 7
-98 -182
-1 -32
-7 -95
-176 1
108 36
-126 65
1 142
9 -94
35 43
-179 -55
-184 148
48 128
-153 -133
68 -131
-100 37
163 -65
-115 -136
58 156
-8 -156
51 -155
-12 69
-108 200
92 12
109 103
-185 -85
116 72
106 55
-158 121
-140 158
144 -123
-109 -126
-195 -137
-11 -84
-195 -130
-141 46
103 -26
123 31
-42 -185
-118 33
-129 -136
104 -69
-185 72
151 -171
-170 38
111 66
82 113
17 127
-109 -45
110 -89
191 -76
-122 -68
-145 190
51 97
138 -116
-196 -9
94 133
-146 -74
-190 -79
-72 124
106 71
81 -127
138 165
-45 -41
-185 90
136 -6
-8 14
105 -158
27 -7
-70 -30
-125 197
160 150
44 151
8 -103
143 177
160 125
37 193
-12 -84
66 -27
-200 84
57 175
-65 -196
129 62
118 -54
9 192
182 86
-9 -192
-30 -98
100 32
178 22
156 6
-151 -119
-37 -73
27 174
145 -138
-171 -65
-149 115
91 5
-18 -83
127 -98
-111 -114
50 -185
-46 -41
103 177
118 89
4 -200
83 -127
-184 -40
86 130
-122 -8
8 -40
6 172
114 135
-9 104
-3 171
124 10
-171 -8
142 101
-46 -21
-14 -122
82 172
192 -14
27 69
73 138
-100 -51
152 -147
-107 -153
-23 53
188 -93
81 -21
-26 -178
137 -61
15 115
-69 -187
60 -183
-52 -109
72 -96
-182 -94
89 64
96 -110
4 29
-180 177
-132 76
-129 177
-100 27
-194 -73
-81 86
148 102
-54 -94
-133 -3
9 150
-146 -146
-55 51
178 -33
70 -41
-192 -151
96 -13
70 49
-73 -92
155 46
41 -34
157 67
11 -189
44 4
194 -113
-156 135
34 -105
-36 -65
-8 14
151 99
-155 -105
151 73
-194 -5
192 20
-114 -107
117 -6
-67 147
122 -17
-199 66
58 -34
139 61
164 108
160 -64
88 103
-55 51
-165 103
-108 -147
-168 -16
134 -18
133 -165
54 -158
-107 -155
-97 199
-83 -74
137 -100
-141 122
-12 -196
-185 160
122 -64
-137 24
133 -8
-38 -136
112 28
109 -11
-95 -180
-50 -106
-41 160
-58 -170
69 -80
-5 69
-150 64
-185 82
-131 106
25 -131
-150 -186
-66 -33
-109 11
-41 -133
70 150
92 105
-82 33
-16 157
107 -117
-141 -113
-170 -199
-190 36
-149 -185
83 195
-40 59
200 57
-187 140
-129 48
57 -163
36 -149
18 98
-99 -99
-98 127
-86 120
-155 123
33 -66
-7 -95
188 -123
94 -139
27 -93
-121 -60
-188 -114
-92 -21
138 -106
-105 -152
56 -62
-74 191
22 -87
194 147
119 -132
-136 170
-184 90
150 -140
174 -79
1 -100
91 143
-71 103
-167 157
-192 97
108 195
178 -189
144 189
18 111
-152 -149
-180 5
-81 16
62 192
-40 -144
-154 85
24 -112
19 11
-43 165
-66 167
60 4
-29 182
84 106
83 198
131 164
-46 171
131 140
34 13
151 -198
185 162
35 31
105 -21
-154 -63
23 -23
-176 -191
-161 -126
130 -157
-123 107
159 -35
-186 9
162 183
-143 100
-120 133
168 -61
-42 -69
-106 27
45 -68
-41 73
-117 61
-172 145
-132 170
171 -157
-161 198
-126 -22
108 -9
-172 66
-33 -47
138 -153
-33 194
26 146
194 -27
154 57
94 158
-138 -96
-4 -76
-36 -83
52 -98
-74 104
-178 172
-139 -5
8 -21
-198 154
-174 -150
-34 55
-18 -148
18 19
55 -21
-136 -24
-132 -107
122 136
31 15
-190 54
80 -95
-198 43
-198 133
146 -200
-126 183
-96 -19
18 197
-55 -94
-158 115
23 28
35 3
-184 82
-149 -36
-30 -195
117 81
94 23
144 130
-171 -186
-78 -172
-46 -75
-173 37
70 69
-15 13
35 86
171 6
-38 -67
-190 -15
78 -41
-106 -65
116 -83
-5 65
32 -124
-130 62
154 -112
131 -79
166 16
-184 -54
164 24
-77 135
-73 173
32 -27
-114 -1
-43 91
0 -158
-185 -122
-104 -189
-107 113
157 197
-180 -120
-39 90
-112 192
27 -67
89 -1
-131 69
-71 -147
-42 29
182 -122
-28 127
144 119
127 172
-183 -28
179 106
32 189
184 129
-157 166
154 113
117 -106
-34 -91
-17 -46
-198 -18
1 -87
-194 25
26 95
-197 182
-65 -136
168 32
15 -48
151 147
-25 75
43 -124
-99 -55
-197 69
-128 94
47 54
-105 101
54 -146
4 69
-172 76
-62 194
-10 -158
-14 -151
-188 119
-60 -54
-186 -68
-2 175
30 -26
49 178
-151 -194
-173 75
127 -46
-91 -125
-174 108
59 112
-150 -191
6 160
15 34
-82 -26
186 -171
-158 -145
6 -61
-5 -71
174 66
-141 66
-146 71
112 -119
-178 -110
131 -159
39 -102
-70 61
-79 -23
-78 -40
-143 13
-135 -177
65 -13
164 15
-192 3
67 36
96 -90
-169 -183
-197 42
-88 -183
121 157
-59 -78
71 -116
-180 -193
-65 92
156 -87
-7 43
-192 55
-164 -138
143 -86
-141 58
86 -96
-107 86
-119 46
-61 142
-14 20
-178 16
-41 14
-186 -159
-131 -129
181 153
-101 68
-4 -164
82 -42
71 159
-60 76
189 -100
96 34
94 -138
180 14
-150 136
41 -152
-92 -147
75 187
-156 -105
35 -160
-154 -22
146 106
189 144
-30 21
197 98
-46 -37
14 -96
131 -55
92 35
2 2
141 -196
-124 -125
-38 106
119 199
-148 -45
94 40
61 -177
-187 162
184 -127
-37 11
-71 22
27 87
65 -65
-138 -188
2 143
-6 -26
-30 48
145 153
-159 14
106 -126
174 -164
-52 166
59 -168
-40 -188
-15 -126
-55 -111
-85 -70
180 -134
-180 3
91 -119
-9 -149
-4 71
195 16
52 33
-41 154
-55 118
-30 -159
118 96
-184 71
100 12
-188 117
136 27
-162 -24
13 -147
88 -81
102 8
-122 -34
25 -38
-80 -100
-140 178
195 -150
170 189
113 -61
60 -63
-38 -150
175 154
178 98
14 -178
-115 -92
51 -172
111 56
47 -56
-95 105
147 -146
-27 1
-13 142
-74 -41
66 -108
86 144
197 -104
-26 -190
-61 -41
142 -180
-101 -137
197 165
123 -176
113 -62
-109 -163
40 91
106 156
-152 2
54 23
146 -175
-8 138
178 119
91 21
87 -100
-136 22
-114 64
147 62
122 9
-154 -6
17 -166
117 -92
115 -123
-57 136
-76 78
9 168
61 -69
-75 67
-153 -151
-192 -154
-200 -170
11 16
127 -19
-9 -107
-175 79
151 52
194 -62
-108 -67
114 149
73 109
29 -86
-185 -75
-37 139
65 -188
-25 -125
-89 -200
-148 -58
-96 158
3 106
-159 -10
-147 76
-96 73
71 -2
-115 83
175 135
170 5
117 -72
-29 -63
-61 57
174 -112
-26 -185
-193 -47
-66 -57
-98 -170
-146 -105
-7 -117
-95 177
108 -15
55 -19
50 -89
-26 140
80 -153
96 76
-179 -127
-57 -111
-110 -93
-29 49
132 46
158 29
-178 112
-90 -19
38 59
57 158
40 70
-126 -148
194 -189
-79 -91
144 -20
-127 162
172 161
105 164
-11 -65
46 -15
-137 123
200 11
-91 78
70 156
-70 -186
-108 16
-178 49
-6 157
57 17
-83 151
-111 -102
96 82
138 107
-123 15
68 -178
-70 -53
-55 -17
56 -101
153 182
-85 -39
-86 148
89 -56
58 -83
-192 103
171 164
-189 -60
147 87
56 43
190 150
139 -124
83 61
161 -48
-105 -149
-68 29
-193 190
42 63
-179 45
-70 -184
-39 21
-35 -97
196 -112
-105 -156
65 -154
124 179
127 140
-141 141
-42 -29
111 -125
-117 143
-22 -142
40 59
13 51
-126 -2
-102 134
-49 74
161 -153
166 -111
153 -97
25 17
134 73
140 -163
-193 -87
-89 159
147 92
-172 -3
-176 -38
189 150
111 120
195 -150
29 -32
-195 124
-5 -85
90 12
-149 -72
15 28
-128 137
139 -75
22 -129
-176 170
2 -124
190 -86
118 -157
-36 128
3 25
-134 -1
-55 -18
171 54
103 139
-70 -22
52 -46
-186 -35
129 119
138 -183
72 -131
-174 -68
-82 49
91 -59
-126 89
-95 -183
-16 -185
146 41
53 -131
0 114
-70 175
12 -113
-28 -72
17 -40
90 -52
50 181
-158 -50
-47 141
-29 96
199 -57
151 144
-35 -78
-11 -149
162 -77
95 110
-11 100
21 18
-137 -110
0 -111
-138 126
137 -175
-46 56
139 -79
-65 -178
-26 50
-5 -182
22 -192
-118 7
54 -115
197 -174
196 -38
-142 -157
-104 55
-197 -162
-5 59
3 -169
-190 71
185 -172
22 153
193 55
150 200
-16 -33
193 169
10 -60
151 53
70 -174
-115 -121
-167 -162
110 -16
-98 10
-109 78
-178 172
107 60
119 24
-38 142
140 177
174 -119
-78 -24
47 120
198 -142
-179 156
-69 -172
-105 197
1 -125
66 78
-91 -70
139 -10
82 12
-150 -178
-197 98
-31 23
-23 -64
-154 -14
-130 -39
-2 -13
-104 101
5 -78
-77 67
-172 113
-136 42
178 18
160 75
36 -146
-140 -62
192 -20
193 -11
-73 71
-175 136
-48 -192
116 -60
2 -188
47 82
-163 -48
-149 -62
45 38
-111 -173
123 -49
-132 -66
-124 -187
-37 -160
143 -26
-147 -12
-42 -16
95 -28
55 -57
200 158
-122 -161
-40 79
-186 106
182 195
-25 -24
-168 -126
181 -179
84 76
112 183
-96 87
-78 73
74 99
101 27
169 -29
69 127
-128 48
157 164
-22 12
106 -115
154 131
-22 41
140 123
153 -20
68 118
77 -142
-8 -78
-33 -161
-83 141
-77 13
90 -152
-128 -148
63 126
-100 -83
-183 -81
-135 -141
-180 -110
-94 166
-190 -2
-141 200
85 200
-128 -55
-141 -111
-175 -172
15 -160
-156 -195
-59 0
-53 -138
-87 -22
-64 17
187 -70
-115 87
-36 91
164 -111
102 25
-56 195
89 -115
-200 -186
-61 -164
-134 160
174 -122
48 174
164 96
159 -148
-15 -76
-143 -30
-131 -174
190 100
169 -2
-171 -169
187 -129
61 -175
-104 -147
133 -80
-183 -132
-71 122
-87 121
-124 139
-17 10
74 -171
-48 -40
-67 -126
-92 -163
-123 68
-41 46
56 -178
-89 157
-36 158
50 -183
118 77
109 -48
60 -32
103 102
178 156
126 180
155 -161
-152 -80
167 -32
5 -162
76 -164
-144 -77
197 121
176 2
160 26
77 73
40 -149
164 15
90 -105
123 199
88 77
-45 -160
-113 -38
-6 189
-36 185
-191 157
-86 -165
100 117
-192 148
-81 -149
-45 -153
178 76
175 66
150 -42
-81 -117
-114 99
-15 -37
-177 128
-87 23
-143 155
-169 -126
163 -23
-17 74
-165 -140
1 -92
100 -59
49 -52
-20 -155
31 87
-81 -49
44 188
139 -7
91 -157
-139 49
114 -115
187 -172
60 -23
-80 105
55 178
156 -130
198 -121
-195 51
24 -80
91 51
43 -200
-28 83
34 -15
2 72
102 -111
112 83
-12 -62
-167 -35
-183 58
-73 -190
-60 -159
170 -104
-38 -68
163 -65
195 -139
-135 -20
108 91
-185 71
129 -37
158 77
120 145
-161 189
-181 177
106 -112
-22 28
-115 109
18 103
160 -42
-84 -133
-62 -131
-69 103
-164 -29
-120 111
-31 -8
-123 -163
-15 101
-197 190
10 152
23 -91
-80 156
138 -18
-32 79
13 -107
-160 141
-53 75
200 -115
51 -58
197 -97
-60 167
17 -146
77 -141
86 -18
174 48
133 -188
196 164
-18 -57
31 -17
32 26
34 128
-92 32
-110 -100
7 174
-54 100
-95 5
150 68
-191 -198
140 137
-120 154
-23 180
-166 -104
185 -155
-83 115
-180 52
-120 -198
-12 69
-170 -63
-87 -84
-18 11
-45 121
-121 -82
-34 20
-40 -199
99 111
110 60
-152 177
97 108
-99 98
172 -157
161 90
140 -4
105 77
171 183
-191 187
106 -58
-149 -150
44 -98
168 128
142 106
-107 -60
140 31
-10 21
-148 171
25 64
-41 29
121 -109
-52 -3
144 -69
-197 157
69 19
-88 173
54 -39
-136 -142
136 -185
100 -130
-162 182
98 59
-184 -25
-48 37
-77 148
-182 148
-55 3
-95 -54
-30 179
-197 153
20 -99
-67 172
-103 154
190 133
168 -178
19 -85
142 -175
-26 -133
-177 -130
-32 -25
-127 -123
109 0
9 -88
61 -158
72 -88
-87 -182
-17 -65
-127 -200
20 -73
101 102
71 -169
71 102
-152 114
126 -97
100 -89
-25 34
-75 10
-95 133
22 -4
65 80
-132 52
-41 -2
-13 -59
0 -70
-72 -89
-98 152
10 93
-88 -34
53 131
94 77
-9 69
153 -26
-75 -164
-171 155
-140 -7
132 93
36 -64
-66 -140
85 -149
43 85
111 -69
-183 133
67 41
-96 -182
57 -197
-154 -194
162 81
180 -121
-93 -187
52 29
64 -48
-181 185
96 16
-130 114
128 80
182 138
98 -15
-179 54
-103 151
-12 73
69 -158
-152 -162
-196 -138
-11 -118
-149 -7
106 -177
-193 -191
85 54
-69 -145
179 23
-105 156
21 -195
-134 65
171 -167
-158 -188
67 56
-56 185
185 142
92 -32
-79 184
125 -12
-73 -80
-196 -155
-18 200
200 125
147 123
-34 142
29 -77
-193 -153
112 -180
189 -106
-160 136
-175 -107
-178 -35
-119 157
-4 -77
110 -200
-19 127
-120 22
148 -3
-20 66
-94 -3
-149 -36
58 78
-162 -154
-161 129
-104 -117
-133 -8
172 133
147 10
-94 -184
-4 -73
-55 26
26 -144
-141 107
24 -134
-158 85
-196 -29
15 176
-112 198
187 91
200 101
85 -143
122 -195
-48 -68
157 98
-164 -86
155 132
-38 166
-2 -137
-45 -37
122 -114
-75 -165
-133 59
-12 -145
-69 -70
-167 116
-173 80
-178 126
73 123
-138 -10
18 18
-75 50
-155 -28
199 160
-67 30
-31 -86
184 -40
61 33
-94 -95
161 -199
-145 -47
-150 36
73 196
-184 50
107 198
123 -41
125 99
-94 147
90 110
125 38
-55 -16
75 -198
-89 33
27 84
-28 -94
93 19
-167 192
69 -93
-155 196
157 65
-172 -84
-193 -4
-119 167
17 32
-94 -136
179 69
41 42
194 -78
-164 -185
-107 -126
132 -86
36 -29
-30 64
180 53
165 -87
146 -17
127 -193
59 -83
-78 -187
-54 14
39 32
39 61
-97 -53
-185 -160
-134 132
176 -103
-12 155
-90 -163
76 -196
-103 14
-9 -62
-184 -174
128 21
-64 173
-100 -117
-126 16
47 57
-41 28
149 197
123 -7
-71 191
178 103
147 65
-82 -130
46 -164
113 -78
-52 -102
-160 -190
-163 -32
196 189
-30 113
-108 187
93 54
161 3
3 6
-32 6
-9 17
177 -84
-83 -1
191 -140
188 26
-41 167
-22 -165
-24 91
-33 19
192 -119
-46 -161
-4 -120
-98 145
164 10
125 -68
179 52
-175 180
-48 -154
21 63
-103 -171
130 -31
-131 93
-10 192
-32 149
98 147
106 -89
-124 78
-41 69
-168 -126
89 24
-100 -104
190 145
48 -189
146 65
-189 -198
70 40
-194 -197
145 -126
-25 -5
88 -58
72 -129
-15 -102
-64 -170
-58 36
-11 132
-153 -80
132 154
184 3
46 -173
71 48
7 -68
75 189
-38 -131
174 162
-103 -50
175 -44
67 84
-122 194
-142 77
-124 67
-87 169
-155 -167
55 51
-12 -129
-169 -115
84 -35
106 128
69 -157
179 200
86 -92
177 -135
148 132
-18 -104
-117 -106
173 -1
26 -81
186 152
-8 -184
-178 56
-147 28
-64 117
115 -23
-2 83
-176 -138
121 -6
94 132
64 -95
-30 -177
-34 150
83 -155
-29 -22
-196 137
-25 126
36 -36
65 -146
97 -178
-85 121
-182 158
-44 -53
190 -147
57 153
-103 133
123 6
-156 120
-6 94
-175 -137
-167 37
182 -52
63 -41
-179 -82
25 12
-86 -104
47 1
-24 79
99 118
-155 -155
-55 -12
-184 -109
16 133
-20 127
61 181
-3 79
195 -68
9 37
-124 -153
116 -175
-41 29
29 149
50 -138
173 107
170 51
-50 144
-53 48
-169 102
199 16
170 143
-34 57
-104 100
116 -134
76 -197
65 -174
-82 46
183 18
-84 -140
-148 -176
-186 96
-178 94
-35 -106
88 -61
-61 -67
-200 8
-173 -189
-78 -139
167 -37
-146 180
-96 -37
-178 -4
-89 -80
1 187
-125 -70
135 -90
-138 150
156 -32
-126 17
107 -21
-84 -70
-106 27
-134 157
-37 70
96 -40
72 84
156 6
108 7
-136 128
130 -109
-170 -21
106 -47
-133 176
15 -144
41 157
41 -156
-82 -29
-185 -139
-95 -28
-56 -183
107 -81
35 49
-66 17
-144 158
-20 -181
-92 -35
-29 195
-9 68
-141 -162
135 -27
-5 -24
95 -182
60 -64
-5 49
18 31
-26 -117
35 -45
-142 190
-21 129
-188 -184
129 -112
153 72
-62 -43
-169 193
-18 93
-160 -42
-129 -114
0 19
-109 200
161 -80
10 88
55 162
92 -68
179 50
-77 -194
-200 -89
114 -76
-70 -143
200 107
-26 120
86 -1
-146 142
95 -87
-2 6
176 -98
-80 -140
-8 76
24 102
199 -161
-61 198
158 2
-72 0
-190 -57
131 43
-150 -71
-124 133
-107 64
163 37
-170 -127
101 106
-130 -52
134 24
-123 -127
95 172
-181 -101
-144 -129
122 143
103 43
29 -136
158 -30
156 187
102 9
85 -5
-67 -30
143 -195
129 44
-81 58
-125 174
-164 23
-30 16
136 -68
28 -152
151 186
114 -154
87 58
-22 81
84 -29
-175 94
176 200
-31 85
-196 11
-160 124
-64 -51
110 5
170 -183
-72 -170
-136 64
-5 -2
87 -61
-19 76
170 84
34 -13
185 -131
38 133
-163 -82
160 -130
192 22
164 -97
80 -54
-177 80
131 -140
-176 148
-141 -9
190 50
113 -90
-43 6
150 68
159 110
36 -169
3 149
55 51
144 18
-98 19
-89 -112
132 -134
150 -123
-38 7
-89 17
-146 -65
-106 98
-14 96
-182 -53
54 -112
-109 -3
53 105
-37 -142
-29 56
149 -4
5 38
-194 56
147 -190
122 -74
17 83
-150 176
-104 -4
-63 -154
21 -181
100 73
16 102
118 -121
123 119
-198 52
-138 158
-121 30
78 113
8 190
-132 -19
130 -139
-131 142
-195 -182
-10 -140
22 -58
13 -167
-146 -1
-52 -10
91 -75
-106 -6
-135 -184
-118 -126
155 -170
-60 130
-140 28
199 134
86 32
-19 -184
22 -109
-120 -38
-88 -34
-118 -127
-61 -180
178 -150
192 -125
140 -92
185 103
165 193
84 174
-22 -194
38 -101
-1 -174
-187 172
87 -186
100 164
-172 -18
47 -116
31 -95
137 -142
-44 -2
32 4
45 110
31 -15
-122 166
-108 137
-119 49
-118 -8
35 83
-106 74
16 42
-139 60
35 -54
-74 -150
-51 -113
103 158
-28 20
-48 10
-88 143
-123 -47
-132 67
25 -129
-28 -151
-116 149
139 154
131 83
34 -140
-135 145
-115 -94
-18 26
-175 145
118 163
18 196
68 -40
28 148
63 156
112 -70
-79 -115
69 168
16 153
72 119
-198 100
98 74
-16 -85
-31 20
-172 -187
-45 -65
-74 46
-188 -17
41 38
-31 189
32 -29
85 46
-35 -53
13 -53
63 76
39 4
175 176
130 -81
129 186
66 40
25 153
107 -33
-151 63
-163 120
190 -124
-49 -86
-76 -31
30 10
142 105
11 154
-71 -78
8 140
102 41
-196 159
121 126
-172 -80
-70 129
139 -64
171 51
-137 -53
-160 -18
-160 87
-195 -77
88 4
73 -33
-7 -126
-26 119
-71 23
-185 -167
-137 -156
97 118
189 -127
-9 -146
175 -86
-144 8
-116 -191
108 -60
-71 136
-34 -12
99 0
124 155
-162 -73
-162 108
-185 -71
-33 -50
128 -120
-56 38
15 90
-18 179
-158 44
-77 -59
190 109
153 103
-37 -152
-64 87
-38 -92
25 156
80 19
-100 14
-34 9
-178 92
129 -38
-163 -85
57 94
-167 -102
-106 129
163 -117
194 131
64 92
86 93
147 111
-150 175
-90 177
-118 30
-122 107
61 105
-111 73
-134 -177
157 -64
158 -195
6 -152
51 -161
-86 -47
50 -93
-98 110
-199 25
169 92
160 182
-175 -118
-98 77
113 -144
-19 -145
193 3
-13 47
-178 12
-18 -31
128 125
-173 5
-198 119
122 42
-129 -174
103 45
70 -6
149 52
-51 -19
24 -87
190 75
-107 97
195 37
-191 45
-34 -111
-82 194
158 -80
-47 -43
-122 -115
54 75
-153 127
-158 166
-63 20
193 -85
-138 181
13 46
-182 -98
78 -2
-180 -184
200 192
-160 -76
80 41
95 -135
6 -22
88 -59
148 124
-117 -86
39 -87
-131 160
-123 -13
41 -128
95 -137
-115 22
0 123
25 110
-161 -158
-192 -139
198 27
17 76
-14 -145
-90 -195
116 112
-142 43
-61 -137
-95 -193
-171 -59
-89 -148
-44 83
-93 167
117 50
-23 -58
-126 183
-83 -115
-51 106
67 -45
132 -109
-69 160
173 129
-32 -198
188 114
23 80
-126 73
51 -88
-170 -56
-172 90
46 147
-54 -85
-88 -145
55 -162
-17 190
-102 -128
-199 177
-130 -130
182 -30
-94 -101
-31 57
158 135
-91 38
71 146
-145 168
56 135
-83 17
128 127
10 139
122 -183
-57 119
-193 -80
-161 40
14 -34
144 112
103 181
-174 -151
-14 -83
-41 11
48 17
92 -107
56 51
-42 -51
-172 77
185 -17
121 49
112 -115
102 -172
45 137
98 -185
13 -121
74 73
114 -31
6 113
154 -35
-54 16
117 80
107 180
110 -130
-55 17
159 67
-19 178
136 -197
199 -158
-171 -25
-106 -61
-109 -189
-24 38
-83 167
-172 189
-186 13
184 128
-164 40
-120 -114
67 -96
15 -106
116 154
-79 139
88 -162
-56 14
-93 -47
-22 -41
-200 -114
135 185
-88 157
21 -181
-84 -96
-169 96
-82 144
123 -139
58 -79
-51 -81
-79 -168
-139 -80
10 130
-13 -29
-29 -132
-121 54
-76 -86
59 3
-98 -33
17 109
105 194
-2 -59
-79 -130
-168 39
-73 192
86 -18
71 71
-8 191
-184 -49
43 166
8 16
-39 181
-97 56
28 -44
9 -170
29 3
-95 181
-149 -135
-189 96
46 70
-39 -180
141 -152
-6 149
100 43
-171 -5
14 186
-20 191
200 -137
176 143
-90 181
-75 117
43 -78
-77 -197
-118 91
-42 108
-17 -9
199 168
152 109
35 -187
-127 -156
-67 -142
-28 -178
72 -132
67 -80
-118 -79
-40 5
182 86
118 -158
-181 79
-4 -24
65 -46
46 -40
78 154
171 56
90 -13
-35 9
66 -25
-132 54
158 185
-179 -83
16 -3
97 137
191 -29
-19 61
55 182
149 -33
-195 57
123 -193
185 97
-153 133
-154 123
-122 109
128 185
-83 186
-142 20
-116 -30
-109 61
-18 115
-29 -188
114 -171
-157 144
18 -42
161 -141
35 -197
-33 153
-97 93
106 -25
156 22
-4 49
-165 120
64 -183
135 107
96 -197
178 -188
-68 -113
153 -46
97 -165
69 -24
-154 163
22 -107
189 -6
-53 -177
127 -13
-110 -123
-41 -2
134 182
-150 189
10 -6
-188 102
129 48
60 -120
189 109
2 7
113 -161
63 -123
-60 125
107 161
104 -89
-179 40
146 -22
-158 -141
85 73
159 22
-166 -120
185 -80
13 -87
-133 -97
-157 108
-130 186
-14 -115
-123 38
79 42
176 -4
-166 158
-114 -51
136 68
57 10
144 10
-64 -40
153 -2
-108 7
81 -77
-153 96
31 -44
1 -18
107 -126
116 145
16 -50
16 -67
-160 -55
72 18
48 119
-76 -75
65 70
50 -23
18 143
-143 -66
121 130
124 145
-60 124
9 88
157 -109
43 -175
-52 -134
-135 -65
-129 -89
100 -36
169 -41
144 -179
101 -38
38 -163
-98 -184
113 -171
-122 158
-17 -44
79 132
-122 -156
37 18
-137 107
-78 5
34 -10
47 -68
36 -57
155 27
-48 173
-145 140
-149 46
-113 52
59 181
-31 -111
-124 -84
-4 50
-7 -7
-89 116
-136 146
193 136
19 -19
6 198
-67 49
110 101
81 -150
-96 128
173 165
-97 182
-85 48
-22 -79
45 -151
-175 147
-165 -127
52 82
-200 132
125 -41
53 120
168 -53
169 92
48 -32
84 -4
-86 -47
-11 169
-126 -133
101 10
-61 -157
-106 -3
40 -121
92 104
-39 -48
-124 -112
-6 46
-109 -3
63 20
-44 -191
-23 117
-167 197
-7 -183
103 -73
83 10
81 186
171 -101
122 -188
135 46
-157 -107
-28 85
164 -37
-161 39
-45 96
56 198
-131 -136
-149 151
110 -42
21 125
153 71
-94 -143
20 67
-116 -200
77 130
-23 -140
-21 14
-147 -121
177 197
-61 -123
-91 168
-128 -48
77 179
-41 -69
-31 -90
46 -147
199 -83
57 142
52 -106
-12 -119
-91 -125
88 -19
196 42
-140 98
-188 9
-102 194
-173 -30
-40 88
-194 -35
-146 64
87 -72
111 -173
75 131
-12 117
84 187
161 10
-167 33
-21 134
144 -135
-115 41
38 -111
-24 165
-153 -42
123 174
-194 86
-87 -199
92 44
153 105
47 -144
-75 193
8 198
-43 81
-165 100
-49 -28
-79 59
88 96
-186 -146
-191 -17
-143 -58
-175 66
190 -92
-68 122
157 84
-44 132
-62 160
-170 -118
-189 72
-148 182
-36 80
102 96
-196 111
-170 -99
129 -58
-30 -100
-175 12
1 -158
-134 137
194 28
69 138
-1 42
130 -163
-91 54
-94 44
-51 34
-123 -48
-157 -135
123 -101
21 -124
-143 173
49 -15
-198 0
98 105
-72 171
7 -50
-193 -93
-109 -53
55 39
187 -116
60 -176
-54 -41
3 -104
60 -147
145 -84
77 160
12 -195
163 -18
180 -181
-91 -144
-87 -105
-34 -143
-85 -151
174 164
76 -186
10 -163
109 152
5 -49
-104 -170
108 72
-186 -63
-90 114
-88 14
-123 -9
-24 -69
-140 -120
-191 143
-47 -72
109 170
-156 -16
54 11
-184 191
-64 45
125 34
23 -46
81 -96
132 -46
75 23
154 150
125 69
61 162
-27 -101
19 -82
-36 -148
-140 79
-76 192
43 179
-17 104
153 171
194 104
76 141
176 128
-140 -59
93 -107
197 121
190 -86
-133 101
42 -160
128 -39
-174 -47
-152 120
18 -71
-22 -30
36 11
-15 8
-3 -74
-32 65
-17 42
149 136
56 -13
51 -80
117 -42
16 -107
-57 108
-108 -16
-199 -86
45 -114
142 57
-187 -181
4 83
161 130
77 130
-192 20
76 13
-101 -8
141 -6
119 189
-47 10
-67 -126
79 -39
147 87
73 147
-50 -18
-42 149
137 68
183 16
79 -102
-116 128
-51 52
-126 97
86 -8
137 -10
-151 150
-38 88
-184 147
63 93
96 109
-87 -22
154 27
126 172
177 -161
91 -145
-107 -176
-183 47
-110 44
64 41
-124 -172
-133 48
190 53
-46 47
85 129
-138 59
37 4
156 181
-98 -102
-12 55
-166 100
-24 105
133 -61
37 -35
97 -26
-44 41
-38 -65
108 -106
-163 -93
84 -133
123 199
30 -51
167 169
-143 -75
20 50
-37 161
102 93
-145 -131
-173 -106
29 157
64 169
27 -12
-147 148
-70 39
-151 61
-15 -37
41 -30
-127 -194
4 51
133 156
-124 -174
-70 112
-60 -140
50 -147
81 92
11 15
111 -110
-145 -53
-29 -119
-65 153
-76 62
-25 21
-56 -177
95 -139
116 95
-81 -87
-125 -81
-192 22
167 159
44 37
21 150
126 20
98 131
-86 -38
-63 -103
160 62
-175 199
-198 59
-197 163
-109 108
136 -79
-180 70
-69 -20
-30 -67
105 -47
-73 22
93 -162
-120 84
-4 92
31 103
195 48
171 51
88 68
-106 102
176 -51
87 154
83 -20
-191 98
-159 55
-121 137
15 174
-188 -150
50 56
61 144
156 65
-69 -180
-59 170
-43 63
106 82
50 -89
132 -128
-170 -124
-14 -168
-103 150
134 21
125 -126
-96 120
-133 -172
187 -99
121 160
-76 2
-95 -6
38 83
-129 59
125 -178
-130 92
-182 137
6 4
-112 -172
-200 -155
102 173
-179 -137
-191 -153
-56 113
-78 -129
-3 -195
4 170
-175 130
-58 64
-40 44
-126 91
-108 -10
178 155
11 -91
-168 -69
-59 62
6 -24
138 174
-8 -179
118 -108
158 -174
-52 -99
-85 -152
38 135
180 -27
94 147
71 -99
66 88
182 54
-103 -200
40 -18
-159 -180
-3 164
48 -76
-140 -97
156 -23
122 -21
-114 2
-16 -114
-138 -61
-174 141
-26 -52
-47 -177
112 105
105 -100
32 -139
-176 194
91 21
-72 -137
79 -78
-148 132
7 77
178 195
-193 147
-132 82
-174 -157
-182 -22
-106 -172
-9 -151
157 189
-112 27
-93 -17
70 154
45 -55
-169 -40
7 34
-174 13
-127 -194
65 -66
145 30
-193 -49
-46 -77
-111 -105
49 -185
62 -22
175 23
116 -176
77 -2
-37 -153
-41 31
-81 -186
-59 -196
-109 200
60 77
-42 170
-68 7
92 -2
181 58
-33 176
-156 -89
186 138
-170 -136
-31 -67
147 107
-110 140
-190 -46
-60 116
-89 146
101 141
197 123
-95 -110
166 62
48 166
27 -116
165 -189
-12 84
124 179
-68 30
-29 -143
-70 139
-9 15
94 144
81 198
-125 84
-17 -54
170 -127
78 173
192 -55
-13 -103
157 138
97 178
141 187
-156 74
113 87
95 1
-113 123
125 -136
62 -144
20 57
83 152
77 -87
-27 187
-132 -68
-175 -124
100 146
-80 113
-139 -10
150 -146
-111 105
-48 63
-185 -114
-99 -149
-150 38
145 -66
106 31
139 181
119 -163
-157 89
159 186
29 -18
-52 179
-111 -26
94 38
-97 115
127 -178
96 -75
-79 124
162 93
143 -141
-58 -111
-130 -197
70 -150
76 -178
6 -56
90 59
190 -54
5 -170
55 -147
-139 165
-18 -64
23 155
38 185
-68 121
-144 -146
-167 177
-6 127
-190 189
-11 -198
93 74
-164 42
5 78
-81 136
34 58
89 17
-189 124
49 -25
-51 129
111 -160
172 -105
25 97
-39 26
18 -181
190 91
9 -161
97 134
131 110
-121 -157
31 -91
153 -186
124 -151
-18 -164
158 6
-181 -112
-36 -5
172 -124
-123 86
-61 72
-167 -145
116 73
-185 -170
-176 3
55 141
-185 -167
-174 63
-85 -14
-31 -90
25 25
-53 -41
-57 16
-91 91
-19 193
-65 -32
89 195
46 -110
38 18
34 92
-34 99
160 94
14 -62
137 -144
-123 -15
153 171
-88 -46
-199 -107
-90 -4
-3 48
104 -160
146 117
-113 -67
-165 84
148 172
58 111
-20 127
190 -132
-34 -108
-11 84
149 57
193 34
109 -142
-115 175
176 54
-104 47
19 -85
161 52
-121 -158
-127 -146
-111 -178
168 -167
114 -104
97 -42
15 47
114 65
24 -101
-127 -172
25 -135
27 -90
180 150
78 44
-103 96
-134 -169
196 89
167 -158
186 -52
-86 147
61 70
118 34
119 -43
164 -70
52 192
-87 -105
-151 118
-41 -108
-20 140
32 128
-129 -23
155 -55
-186 133
85 194
-165 109
156 27
-167 178
-8 -168
-49 -15
143 161
-17 30
-184 166
84 -123
95 166
183 -120
-67 -73
25 61
-140 -120
117 -9
-92 -141
44 78
-2 -9
-146 100
110 9
75 173
-183 -159
-56 12
11 160
-188 31
140 -27
-175 -84
-8 179
44 23
0 189
23 172
77 200
-116 107
188 120
-152 -45
-29 116
16 -92
-141 27
-21 155
10 13
61 148
37 -129
-121 -185
101 3
-139 -1
12 76
-78 143
19 -174
139 71
-56 188
61 36
-34 194
-78 -145
-29 108
171 -163
163 -88
65 -45
193 -116
127 4
-127 -36
168 -173
-134 33
184 -172
-64 -128
-78 -7
78 54
70 -9
-76 17
22 92
-139 46
-166 15
-65 -4
184 -95
15 -11
-5 23
168 74
-159 199
-145 -59
-118 -1
165 109
152 198
-165 80
5 193
-104 67
162 179
51 90
185 -32
-46 128
-136 24
177 -127
90 -184
-75 12
-197 91
-106 24
16 46
-70 128
159 -174
-137 105
-108 81
38 -6
-1 47
109 53
125 -60
-123 155
-134 -141
182 -196
24 168
47 -53
195 -45
-147 155
-15 -192
-111 -192
-167 28
35 76
-64 -18
-13 23
-68 -174
-87 -110
174 63
-18 96
-125 -153
-137 75
195 167
-113 -32
-14 -86
185 185
87 -68
-105 -183
-169 200
143 -147
-102 154
193 112
126 105
57 -158
-24 164
90 78
-6 -105
-75 196
175 108
-24 73
-200 158
-23 -8
98 -89
90 87
-14 17
56 -31
-22 -72
-1 153
-193 -149
122 86
72 135
-58 -121
-107 89
-140 113
-57 -44
-134 184
-27 -29
-129 -126
161 -2
-40 -119
128 199
81 82
104 60
-166 -43
-87 -15
-135 -38
-46 -57
195 200
-2 -124
-12 -8
55 92
84 -21
37 -94
96 152
160 88
141 189
-186 35
-87 109
73 181
-148 13
-157 -76
-122 -126
-29 -159
26 123
-134 66
124 -13
-108 -152
-157 8
-23 196
135 -131
-69 -25
79 -61
-155 -197
-151 144
-189 -113
12 -51
7 -181
127 79
-67 53
-169 -152
48 -108
-157 46
-147 -150
-72 -31
45 99
-164 -104
98 -126
-17 134
39 -9
-103 52
-12 22
-3 -12
133 115
1 -151
25 185
183 -98
141 149
43 140
-24 -42
29 108
-136 -117
110 -50
162 21
194 -40
-14 147
-122 -5
-190 72
-150 -86
156 -88
-120 41
-88 -170
3 67
182 -30
130 135
126 160
-88 137
-63 -181
85 -140
-141 71
-78 -94
-168 113
-70 -124
-156 171
-162 74
198 125
16 -22
3 47
-142 81
105 -126
-79 67
-114 -154
50 -84
-157 36
79 -152
-164 -129
-77 -73
-135 -58
-160 -140
-51 157
-12 -186
-53 -62
-123 -89
28 98
56 -22
-31 176
175 30
-40 -95
-47 161
-53 4
172 -175
56 67
172 -112
44 199
-24 80
-179 -81
13 -179
60 -16
24 184
-6 -9
-65 -30
121 -193
-200 -166
-9 51
195 121
-143 -62
-55 176
-132 -159
-70 165
16 140
85 72
97 -14
63 -19
-89 -27
-21 -178
-63 -12
56 -128
-37 -46
-54 141
159 121
113 -194
180 -42
-172 -17
52 77
24 -126
-73 -188
-114 114
106 -160
41 40
107 -14
-71 139
-97 -17
107 -10
90 -65
-186 -89
-68 -116
116 93
-140 -27
38 134
197 156
-155 77
-78 -189
-124 75
22 -58
-149 -142
-35 171
-13 -107
-142 -41
-123 24
-61 51
-165 58
-116 -27
132 47
89 -130
146 -89
135 80
-113 -118
-188 -187
12 51
-78 188
-145 -102
-128 -76
130 -3
-77 155
-10 131
-150 -154
22 -133
-99 -3
-69 -133
-181 -31
112 -172
59 -43
117 168
43 80
-123 57
-3 83
-8 47
133 3
198 198
118 88
133 200
148 20
-188 152
33 170
-151 -24
117 -120
-7 -58
-177 128
101 -79
-165 163
-75 -123
120 38
-144 -11
55 193
174 -134
3 -67
25 -89
21 138
24 -141
-86 -79
-93 -103
1 -89
-136 71
-123 102
-143 -52
-147 -199
-71 157
27 -64
-35 55
126 78
49 -46
-190 110
74 166
131 -15
-10 10
127 -182
55 67
-36 100
56 145
143 29
81 -33
-23 195
-104 93
70 25
124 -173
-109 -80
-39 -197
24 52
-56 -111
-142 -196
-189 -13
-172 16
-55 104
46 -146
187 -69
195 -110
-131 91
61 -167
114 -161
142 -39
-68 -89
-106 74
-103 -145
-192 15
173 -112
55 132
50 95
44 -82
156 -158
46 80
127 -90
-51 4
52 -173
-173 191
75 -74
-30 -50
3 47
78 159
-55 -126
13 135
-178 -56
51 -8
29 -199
13 -26
-34 131
162 -107
200 -30
-24 142
-13 -154
138 138
-190 82
-135 -92
13 21
35 184
52 -199
-66 -117
79 -111
196 114
184 -72
-157 29
-161 62
76 -51
16 -200
-175 107
21 -85
87 101
-177 29
-48 -77
-131 22
131 -126
-189 -43
-4 -101
-110 68
-121 -142
-104 84
68 -71
-72 105
-15 98
46 112
-74 145
-172 -30
190 13
-177 165
96 81
149 186
-71 28
-98 -65
-77 178
174 12
-77 101
-3 -186
-177 -46
76 -44
-115 5
165 -160
88 -90
-36 -155
90 -9
-105 37
-152 -56
94 -127
-151 66
152 -89
-181 190
-75 27
-55 -121
-154 44
134 56
-128 -152
-116 78
-77 114
-12 54
105 137
174 -195
24 42
155 -192
-84 83
-146 -24
165 0
138 -153
29 -178
-187 115
148 -112
169 123
61 19
-60 -54
-77 0
-155 78
92 5
-50 168
-60 -39
76 141
-108 31
-192 -107
104 0
78 106
-42 171
-25 -59
60 -8
-176 107
-32 -26
101 -175
16 12
19 -17
199 128
74 -118
135 26
-97 59
-20 45
-123 48
103 -33
44 -36
-65 117
105 -112
72 -107
-197 -5
42 -156
148 46
103 132
-36 151
-43 -11
178 109
165 -149
-186 13
-91 -11
-160 -64
154 20
-49 -125
-80 43
121 -55
169 -63
-177 -180
-76 -32
-195 39
37 -75
-14 191
-97 -90
89 195
91 -34
-128 -103
52 -153
142 161
20 92
99 61
-123 149
-129 -16
15 -67
110 76
-113 95
-60 -163
-134 9
180 -119
-200 160
194 -20
167 -94
-40 -180
-67 163
199 -55
-69 25
171 -33
146 -151
1 -21
197 22
171 200
-164 -83
193 -76
23 77
130 -185
161 79
-168 182
6 -102
190 37
182 104
41 -49
125 -180
-157 -149
77 -118
-23 32
13 -141
1 -152
178 107
16 -40
198 -2
-75 -113
-87 140
102 -5
-9 40
164 -16
-40 180
-112 55
-117 48
-134 -128
177 61
-14 175
116 42
-19 23
-174 -34
-27 25
109 185
25 -101
-178 68
68 153
88 153
-4 -63
196 157
132 -158
144 -186
-126 53
-122 -109
174 21
-102 -115
53 -87
115 112
165 190
36 158
90 -86
68 -54
-23 120
-69 185
197 -52
57 -170
-136 101
-51 -46
49 -175
-10 95
166 184
162 132
41 -76
166 -67
12 171
90 -87
-14 -61
-76 -61
-138 -49
137 141
-66 -193
142 -81
136 -16
78 32
54 -175
43 -102
6 -62
62 55
-179 131
-58 135
34 -125
-196 -6
143 -150
103 -99
-100 -49
-143 55
-131 -27
-169 21
181 45
149 -150
93 184
168 -60
100 144
198 66
128 41
85 144
-111 -7
145 110
-112 150
-25 172
-129 168
-135 4
196 -173
-76 147
190 -123
-105 -45
187 -6
-23 21
79 -27
171 -8
138 -85
194 -50
176 -132
-40 116
-116 -92
-162 -12
175 -31
-2 -142
-139 -9
-145 79
117 -129
158 -88
48 -160
-160 -39
51 -11
165 -11
11 109
-31 -147
-81 -163
-91 174
-32 -59
-119 134
-116 93
195 -23
-111 -56
-14 66
-1 -27
-126 -141
-125 -56
131 -177
-42 184
-75 -157
176 48
79 145
109 37
178 172
-153 -103
-44 -23
6 -133
90 130
-193 164
-115 172
102 -175
-56 -136
110 -186
-107 -187
168 55
-120 -10
62 40
-50 -142
44 193
100 45
-39 7
13 30
180 -89
-183 -109
43 -17
160 -95
-174 7
48 155
-71 200
159 144
-8 -156
146 -21
189 176
160 -179
-171 80
-134 -29
-82 79
77 -36
52 48
160 15
-133 -69
196 31
-11 167
93 -120
-171 -47
198 38
161 -13
-116 -155
105 133
-78 180
-199 123
-138 -181
-156 157
187 -38
-154 -135
-165 -116
-188 -11
-60 96
-196 152
-125 51
-38 -158
-152 105
161 -26
132 73
-148 107
-136 131
4 -109
56 -18
2 96
148 185
-14 -188
-178 17
112 58
-188 -97
45 -176
-31 52
-168 118
84 81
-53 -22
-38 161
-118 -64
-86 2
196 80
148 -169
118 176
-72 -1
-58 186
75 -73
91 167
-138 -20
-70 -8
-126 190
-65 142
97 -67
-144 125
-102 119
137 91
160 152
-173 4
18 192
133 111
150 131
-182 -54
-30 -17
-95 -55
-38 64
31 -110
-46 120
13 -80
58 130
84 -12
-61 193
53 -51
148 2
-165 -61
-162 -74
157 -77
145 -72
-60 16
81 118
125 -45
22 59
155 121
-79 -111
-62 138
-58 -144
-160 116
-188 -97
2 -134
-195 190
-143 -98
-19 13
-4 -32
64 170
51 187
-41 -40
176 15
-189 -2
-37 27
132 94
24 -77
170 -104
-64 -101
-150 166
174 -88
-2 -185
143 -176
48 161
165 -122
-109 -171
-23 -48
21 148
-69 -192
35 66
-89 122
7 160
-28 162
-63 51
140 -170
42 -131
39 155
114 -128
-3 155
-92 5
135 -35
118 57
-162 -172
20 138
-178 158
-67 32
-191 12
95 105
-198 12
-58 -79
-45 -113
-139 -118
-103 -60
184 159
127 -98
142 -34
-79 -58
-94 100
-70 188
-194 -4
200 -125
39 95
-149 -151
189 -151
-178 44
38 -164
-5 12
-167 88
-174 -63
-176 167
124 91
44 -198
-111 94
-16 91
137 145
166 -171
83 -162
-187 23
-42 -56
76 -56
-147 -29
-125 63
-112 65
-87 -60
-153 -56
81 3
52 57
196 -21
-15 55
34 90
119 196
-96 -71
145 -189
-163 135
33 88
-68 41
96 -64
-101 -83
128 -92
166 179
-33 7
-127 67
-169 122
91 172
-106 -118
55 123
83 63
-75 159
174 -103
-114 141
-54 187
73 -21
24 127
-158 -69
99 -45
156 69
77 -98
-154 134
-24 119
-70 -197
-185 -103
-47 115
-4 72
109 135
29 130
33 -129
1 -50
-58 157
-14 120
-20 -166
-97 -114
107 -190
116 -48
124 -162
51 46
186 -73
-87 -4
56 -149
-140 78
-62 132
176 137
79 -187
198 -1
5 -124
115 159
-121 93
37 116
0 128
164 196
-73 106
-34 -2
-64 188
65 15
-42 -23
-33 93
72 116
-9 188
