10000
57236
75156
49031
87503
56951
86260
70696
69704
26505
29667
62119
56806
89122
75427
24827
60387
62807
63914
91805
45656
21099
74616
72329
59507
6542
93171
45549
23631
1785
25820
17768
68882
53264
58934
25870
40102
74320
58654
30996
43706
46152
2736
6864
90129
81109
74162
22979
56755
9705
54439
54238
27532
7693
65754
58423
94913
25099
54404
43384
63226
49031
75229
97672
32974
83679
76240
69709
26052
91676
33733
74985
22427
54089
82231
89142
81110
41608
74832
28823
26787
85278
78559
53785
8874
72197
4440
54452
95567
18174
4302
95618
93093
96287
51875
20796
83104
28317
79346
18536
54959
78363
33166
61736
85977
48335
29415
97826
75999
73630
29048
24962
60592
24692
12981
40566
4156
63251
84119
21187
98159
25810
30253
58596
90643
42091
15441
40076
4690
99843
95781
55693
50430
63198
87561
89272
38028
13053
7366
91800
27202
13168
10590
93071
36197
81312
42628
62636
84392
28553
97458
36686
20752
53880
54434
57198
4570
51355
70278
21198
12399
61788
59790
64679
63524
66694
18605
43412
69295
27440
97154
50894
93848
63242
39866
55059
62982
54562
97178
7819
45499
69615
2735
90463
31862
50420
13656
45132
48182
13450
6649
39213
97929
30384
90341
94427
28177
49148
11374
61489
94128
50574
57144
75564
41144
36646
69288
62793
62525
45942
12741
8053
77359
32207
21469
42541
13374
54107
79976
53574
58288
23271
49696
62685
6177
61617
87181
88353
59349
37650
883
85560
22033
47040
8876
65196
19542
15774
94139
37423
72197
23603
57431
25691
55679
24523
44767
13787
32359
17242
16551
6497
67449
96828
75142
47433
40716
27319
69194
45246
37168
74353
59940
80339
12079
41548
95337
13675
96224
16593
42562
64540
26386
77
22532
72587
5150
18130
96604
20067
21286
36199
36518
13591
18994
18911
72993
28303
65388
25341
23637
88697
14634
7273
11608
83133
10531
53413
15318
23467
99079
57223
87833
39481
23365
59878
71644
73133
94774
88037
99667
74207
16480
75290
20798
73479
40009
85544
21811
52672
96104
37687
5747
95341
57679
16283
59096
96900
2404
43174
72032
37288
83523
76751
87686
8374
84499
57883
13503
47257
55290
69204
79231
95014
56123
82483
53301
87771
1936
55212
5614
47334
38733
28661
32522
22024
6377
27824
73793
68845
25967
8434
77450
49372
97040
65472
33705
21999
2503
36429
5050
17877
33946
44909
955
16310
42037
45005
16094
81249
62732
95369
10734
78078
43763
86736
78338
55340
73464
50668
91781
21790
28014
99883
5229
85955
24461
40962
70144
88699
84488
20909
45336
85409
652
1942
20028
32309
64796
82646
15493
53762
44008
21251
72475
99409
92768
33462
39349
63616
96500
47641
45395
80753
12702
12392
45597
27397
9823
69965
59976
24910
46912
74044
30921
92620
56500
9864
53367
46217
63557
10569
66395
56020
44583
95520
8165
61176
82770
95884
75952
32861
29184
963
24172
75546
93842
15162
91219
28241
55966
7063
44740
67621
98790
8164
24977
69046
68498
15102
59327
28252
79450
22447
35406
45407
97167
15820
73211
6362
92154
46293
99801
15434
79469
9305
88286
78867
11926
22734
96892
95102
34096
77294
19670
67427
85313
88405
68601
80578
76893
27528
93701
66914
86277
78561
50456
53050
55850
97924
47693
36475
21624
29339
46946
76693
26469
39833
28706
15302
32782
36841
36769
51718
81936
37655
29099
62555
1130
44092
45433
77512
28816
32158
58960
50766
1088
27767
14713
36416
91020
5760
45299
98216
20844
54322
67509
72822
97660
54091
66673
41080
26769
34160
63003
42198
62288
13122
34197
4176
33670
39093
9952
12532
55570
75720
92344
54042
15532
45940
5691
24426
86039
14964
1794
95922
48261
84818
11670
69012
30030
35221
3324
13607
76314
33808
77965
15524
44526
30312
38136
17403
61538
29515
68535
38068
57064
75824
82281
48011
50515
61494
478
29222
78858
59854
19048
46087
42654
18974
17268
21455
37132
88383
51034
56423
25713
27778
44490
70623
26419
85298
25811
37397
20165
51562
97714
9494
20318
50548
97497
17564
74574
8802
76827
47666
1071
18296
16522
83721
70488
43574
85817
31626
73192
91251
77261
52092
21103
52552
84843
71280
54876
21134
47948
62425
39205
48237
34196
71177
48848
65758
56949
57373
23829
66278
63737
63130
25936
48432
12499
19352
86393
77955
37873
31328
61197
77073
99369
76145
6739
99400
79356
27568
32114
97106
46200
82156
45212
68233
36378
90361
50139
98580
10212
77056
10843
74678
95982
6638
4650
29108
73694
58083
53817
65821
97305
93122
89714
49499
24311
65272
63167
80775
73999
72382
41769
13823
66331
10112
18093
9011
20888
68862
77703
66612
94692
36974
28620
59883
10352
53772
62455
79539
2953
38443
98270
22697
16672
39386
14613
66680
59123
50060
52468
78678
14674
82221
5944
79143
69161
15966
27930
68793
74783
87938
97825
53895
97583
96174
67168
733
75494
78767
71301
37586
11574
34256
1693
55748
93016
65575
91738
8110
81693
60216
79056
65181
52751
93795
57309
60599
34439
33187
83197
4100
32747
16957
35719
70746
72363
48087
49977
31142
13035
66453
5624
54182
72666
26772
84143
71242
35311
77893
37706
18990
21467
93200
80049
93350
34104
15527
95491
54005
960
12408
33518
42553
32718
5625
27927
78070
69793
71077
67489
29165
33900
45928
887
32459
23883
54613
59462
64147
52091
70324
11131
21843
14742
69873
53912
64183
73908
45874
64983
66786
34722
71700
31185
52249
51253
74212
13519
97349
64960
60106
92329
1082
25726
74765
41474
97667
93039
97338
13825
80043
80046
90433
40775
62487
69080
62605
75450
81769
478
71370
35501
80193
92106
64018
34522
92357
60273
59916
23266
54308
39290
1687
56614
33040
50697
17277
15027
34167
7121
88165
74606
34293
74266
39458
10340
84475
757
660
82884
50888
17525
64930
89309
66851
16037
91623
60695
68941
93311
57713
39546
4145
24624
25354
66951
6094
53386
97849
35034
31028
62819
36657
54814
15142
28314
61680
83637
28649
69681
66596
75072
82578
43793
99116
92437
90512
25935
4996
92589
44038
22150
90779
98853
46009
20392
86534
25087
4726
80839
94131
50080
4208
12083
4656
53293
65080
64792
32368
50341
57997
84805
52267
12112
3880
36654
64330
25868
54598
22363
75724
63604
89695
43595
81209
45315
92728
90605
56191
74351
88149
23136
4169
88584
55993
29109
70904
18344
79298
39167
10492
30032
1652
14388
35871
56068
66982
69296
90815
52240
42033
55992
71369
57841
85090
36554
68215
66827
30722
49600
11404
32927
11281
74159
13562
20064
30478
36120
95669
30400
7550
96468
46474
40441
81901
73466
81797
18190
17829
93595
34507
90551
83835
34172
40240
36831
27486
56782
58487
56654
49286
30990
15559
95625
41346
48741
59738
63485
69902
42804
28736
42743
48054
68896
37965
33520
93249
99038
39961
9803
73480
52540
14270
59088
15712
57825
89438
87443
99527
71402
91072
16917
48648
81789
35756
3325
45304
27278
59324
55779
58957
98841
37067
5192
86907
42177
53880
13380
27276
33831
66779
42199
5490
71981
96844
83602
19369
62986
25460
38821
32758
81949
58283
88719
39752
75381
49366
13032
64819
25203
71049
54775
69045
85425
99194
87945
31137
41251
7514
31806
30970
8479
2742
64157
28844
43003
49175
26320
29190
90404
16125
40657
72308
55829
42845
94672
87229
25655
93521
23704
10923
59399
79723
79980
4916
60800
14040
52075
10580
49360
87997
58008
70128
37305
27037
32269
89814
57236
2297
20881
62466
74351
74868
38065
51582
6675
18257
61349
14455
53660
84827
86800
71741
97332
27300
13851
13445
30560
62864
77593
77774
42820
743
96804
36803
25402
70298
36782
16399
2174
66080
947
9845
47360
52343
42154
7511
43685
123
88700
37688
85366
88818
68858
15023
29797
78705
40503
80298
2083
48217
41549
80819
76760
81896
6907
32200
40152
8456
44062
38003
53187
11866
16053
61900
18204
42976
85693
80823
30747
50178
76620
33014
14240
88875
84500
42567
59452
45738
53886
49537
35215
96374
94697
22698
6620
78011
9901
97530
73678
3616
18532
38316
23696
59230
34550
89196
56897
84218
95214
7354
80636
57979
90768
39280
64972
77860
66437
30856
22412
27703
59041
40404
63058
89313
34169
32671
19042
54605
67531
20610
9751
7624
16987
9660
35497
3282
77655
17946
21502
97218
53888
75573
31382
92093
60001
29579
88756
20020
89792
42907
9190
92421
9731
55729
25514
59256
25579
77259
89389
4406
75880
3991
8787
35837
91765
86989
28016
86678
61366
46401
94933
29495
99691
2069
65983
54601
55513
2601
11364
41350
96922
96111
30349
10759
29424
14928
82544
71869
72936
37721
47663
42896
4146
57337
71653
83075
67633
36261
85075
45006
82210
46760
10083
52145
28131
88254
11531
74727
94409
61336
8978
47680
24627
71139
85966
34822
95136
48366
40131
92081
86683
3611
59424
22325
27300
33608
89403
54818
97825
91911
65045
2433
11296
26004
71873
80497
64489
54131
61113
5471
83999
83325
43844
17076
31568
59048
94696
83219
8328
5395
68489
94461
9024
48744
21289
51714
35441
87814
75556
56286
34210
70631
31443
46173
43008
71152
98870
75170
64942
66548
88359
81929
37542
58660
67342
66341
48870
42235
28572
12897
66863
70558
31183
36263
32962
67751
77540
57155
34331
9379
35054
5171
94447
78894
28264
5772
8029
44126
36082
1580
81438
56163
82268
84552
10792
82972
46958
7962
9143
34256
90987
23540
71092
96439
34725
65616
76754
25960
77370
27597
63469
84837
54217
23674
75416
3212
92978
14285
73649
82106
57702
85303
84647
9170
42259
23465
87205
61005
82026
33253
67445
78110
81813
64771
25046
55318
37603
14066
52329
24617
85755
15895
92862
28098
24906
35838
26415
15591
33661
42858
88057
34270
34597
93014
31079
81022
9389
1146
89180
46074
7094
9858
21030
70517
31636
33154
1141
47512
14517
56634
86239
72629
47052
20159
94969
41492
2897
83162
88011
90297
37764
99329
78126
27190
28328
10849
8720
53718
91107
16013
78492
49835
25710
91030
45638
96541
62089
79389
9115
35844
8054
57239
41804
21420
41734
44306
70585
46656
71255
29082
65416
63564
26037
43916
64056
74283
97766
23011
41894
75335
57183
61689
3681
68319
17173
7926
11012
90568
7792
36429
85477
25660
45638
86489
64473
52983
14131
90254
38831
96447
7639
63261
73148
85578
86054
35932
27012
47220
86548
36605
25197
2475
44535
30211
20531
58044
60286
72884
18922
80322
75077
89897
75815
64660
46591
21371
79755
6525
67411
64088
74372
4821
21460
9475
88289
82126
87750
87942
67858
81887
98454
89017
59522
54766
6437
75197
96207
72511
43935
60434
14066
1279
15345
48894
24374
34489
13798
17272
77666
8623
55062
21288
8538
6395
83797
88603
18771
27161
68840
24832
42182
99901
95756
95442
74920
60586
3832
38445
94802
80669
12316
60593
53842
5386
58396
84880
8048
27495
59621
74021
28066
91805
87948
99334
19123
99159
98795
84317
65596
752
71665
11121
18847
63002
46764
7396
23171
73116
12588
12316
67663
79894
83692
40795
75182
52433
99233
14702
4548
16796
93967
57156
74354
96620
47796
31013
24227
72140
28858
20887
70803
48072
47185
8206
89474
92520
14495
85176
50200
47531
41265
96099
15424
52053
46265
32050
81870
30841
8689
4667
16491
59961
26002
51781
51192
58961
27662
621
46080
97795
63111
26958
27422
63821
23886
31127
6415
97103
82582
56424
77187
5982
80315
84941
96599
43868
57993
62392
55228
7926
25028
1186
64261
9075
58909
99584
94447
22929
44581
7953
21120
94618
61958
20455
76380
65982
73887
47711
38770
40764
87775
60796
67453
50916
27930
64067
38463
38650
651
36338
43813
30431
30036
33967
72589
39628
81809
53410
68465
56532
33076
826
48837
72429
51557
47496
86328
99064
26753
51116
26765
87185
65988
57532
35459
25374
94420
71657
69460
38388
39948
47405
36397
296
43745
63456
6834
88212
81411
58770
99081
43464
58849
19856
72301
1417
27156
62745
86490
45645
45631
39243
1383
72965
15418
32477
73509
52207
74279
10812
24433
12987
32721
33617
87558
80664
75642
13023
91841
77941
99911
82153
40865
6566
26839
21163
20360
10320
23353
37962
74016
87136
42296
72456
21873
23457
33330
67243
10198
88748
11352
12321
36917
43679
14978
85152
47720
34615
932
50752
19303
62484
78069
17362
42010
13955
54285
58441
29272
96800
39572
88521
8889
39432
87893
7304
70225
52606
56749
41807
39231
79413
17062
64961
40600
26288
43690
92043
16415
90259
51125
98437
16593
98284
37531
10598
84740
3824
44586
30816
41909
24804
55990
34257
8149
82854
99746
98439
2275
94028
62144
93041
50530
9632
86682
21285
42574
8630
92244
83425
95206
56449
86777
61649
99766
50516
34992
25834
18496
61400
44902
85807
77144
8847
46614
78252
49125
79067
15059
59164
63611
30364
2508
3831
1586
22954
12682
12486
57110
21495
18898
91721
55358
25419
99746
96539
60253
59859
48015
2438
78032
44914
536
67088
98875
204
18676
79851
40408
67079
45594
83795
22762
10872
42610
11821
5118
67872
18573
95975
17596
47248
9711
22130
76225
67429
98258
91674
50032
21619
67284
91625
66165
69475
35001
56821
77300
87144
35179
10048
66901
24560
91875
26984
20719
7451
29742
273
33843
96036
14670
91309
81019
18936
86679
16376
87618
17087
79411
84764
73640
85548
38327
76086
67216
67347
13943
6423
70151
77604
22043
77952
83021
48484
79382
61891
31770
79927
20135
4116
10026
17826
29607
76356
92453
69935
92062
31954
99056
16687
2773
60558
37958
89104
57325
17035
55893
54634
8054
30142
64691
58010
98199
47638
98677
91824
55195
47209
91224
86759
38744
480
12536
76999
10903
94965
35372
92784
36265
90147
73562
90801
1331
82788
30046
70811
1523
67754
99676
75386
56148
74387
38713
59367
73640
68124
32644
6673
31710
29784
22141
58756
38550
94116
90315
16041
33483
92068
98099
2333
58821
85929
86300
54697
78240
19933
81571
6929
42180
2711
18364
16007
40400
14551
34
84150
30731
89633
18548
40543
58418
90938
173
76453
81846
80260
46739
90319
91967
35824
33451
40145
36554
94052
51189
97329
17003
30663
9789
46585
16382
23226
75578
83604
50135
7447
87858
66811
86770
72091
32101
40903
31632
53969
85959
37798
34292
82202
33484
93630
59777
68491
88234
42900
10323
68647
2201
83294
91649
55621
50444
28739
88452
38378
97544
78761
30298
31723
77029
53019
65911
63559
81423
64510
15844
45148
99134
44493
50142
95221
63701
77090
17062
24617
95254
43199
79757
75511
96343
49591
70709
96173
14860
69057
11079
85554
80531
62243
4794
11274
12698
59726
52058
30384
76254
74127
85212
45457
16977
98898
93645
11259
92204
79015
1787
77044
75304
14571
16627
47609
6683
67396
94588
83853
47329
32312
52050
86651
12267
97883
32501
97316
79981
37500
80052
30536
71109
70892
84533
83186
4649
59492
79272
54231
70685
52833
5822
74727
11683
40645
81476
79344
14687
41943
58455
89354
16717
97211
41739
51948
87899
37152
72558
51353
89571
12504
88557
13609
36431
17536
47490
64760
71933
60491
48519
16648
69457
73227
37203
96961
38679
53471
96457
24110
78176
75516
72783
50741
82419
6202
205
68283
58820
69843
52472
42363
43457
16034
71542
77195
66936
64484
83671
92553
24159
58275
83111
29873
91506
26266
5056
97363
75186
54175
35564
78378
10347
25029
51397
14371
15469
54694
87071
25535
63960
80078
80832
90919
86568
94016
52361
96230
72439
15220
92986
46895
99853
78386
44942
67465
81319
66247
64401
39158
78695
17722
22686
59911
4022
11681
10638
28106
69744
27358
26807
89332
49969
97708
54347
45490
20206
55753
21006
3632
56483
21717
13411
56255
26021
65461
64302
99346
76269
63700
88711
72274
62742
84781
24318
2446
15769
98944
18087
66973
85856
85698
80218
18865
49956
23164
8183
65937
99996
133
76465
51623
23221
19786
75875
46991
50128
19644
46053
79194
37155
13702
89372
59284
30303
1592
45965
33945
24150
75825
82411
39581
21875
28055
71181
59073
87788
41755
35327
25710
67959
12304
59932
77023
23034
23106
91531
81174
91329
15027
21621
69358
51758
42074
36443
60964
81793
79061
10013
17772
88677
99678
93345
76192
34291
86690
28957
32337
63769
45455
91112
99182
65485
54170
58500
45448
42519
32313
40678
42986
30427
60566
73845
88711
15877
27598
43126
32180
787
15054
28159
17106
98627
91508
66735
91196
8662
46494
60636
8915
90265
43150
53743
2593
3298
39321
82536
88403
30038
58063
19813
42739
90546
44668
95850
75345
87459
35126
88123
15201
73539
95088
49443
96627
91512
19918
41697
42312
15443
8972
91147
61059
73828
42246
80084
56483
97403
88124
62676
80313
50622
67265
83087
38685
81656
86933
97021
27060
64134
46990
18765
98831
34490
33248
58823
47326
18698
9873
1892
10928
4150
83260
99757
31873
72792
405
92807
71388
73323
98715
2062
17966
83017
16349
23165
60043
31887
39189
77644
61068
19631
36175
9110
20243
6409
4700
75560
13077
1344
9867
43618
69646
76560
14613
93237
30849
9363
24442
70255
43172
81952
93866
66243
8059
32197
99123
66264
81782
62117
78294
56505
73491
18064
24229
32898
47885
24535
22200
15490
99346
48687
7497
44741
9217
90714
30303
74031
364
62437
98988
47568
53799
14426
16763
22760
12996
47741
77421
19184
45750
93389
29885
89287
74456
40739
42069
43267
78206
59594
28246
42372
94282
92374
48834
91071
39182
7015
41623
76917
55984
94315
27839
11331
18360
53407
7996
58318
56745
83790
96410
12705
33994
55655
66314
83801
24884
77815
26887
60348
98731
98623
34004
19106
58082
10540
92565
11308
72309
39110
4326
81459
84721
55910
96351
54285
68575
65965
88343
31286
5673
83417
73374
85933
32095
8342
88573
95770
15302
24912
77008
13203
75945
8387
28389
41278
36971
84157
69285
94648
81336
72791
74830
3475
61128
97741
32325
79711
58776
62120
71587
90090
39675
58691
83193
99866
79124
45930
33055
72199
5167
93643
55580
30077
12749
4423
59256
83854
25556
4799
74691
73092
99025
39884
29331
6844
36098
35792
37106
55899
80688
12184
74031
74109
9497
36087
30061
39801
18273
10691
41503
99149
59190
10908
89930
14044
48278
39597
15146
90612
99487
73596
55781
70287
37395
19726
48735
7121
858
5390
7356
74062
35516
57706
99480
99629
29792
70392
3236
57750
40203
89788
51772
11601
92628
23879
21237
38519
7903
89163
94456
80137
54434
82251
34226
2425
88902
82640
95594
38270
16406
85450
11338
48409
38634
7162
33327
4029
5550
83436
78136
96348
11984
71108
14155
63835
60590
1516
28081
64891
92453
42776
80267
5585
8854
91194
81308
92392
80262
41629
50360
36911
75598
92915
73353
87384
28093
72316
2203
68923
78073
780
39126
58666
84842
98220
30717
3238
23147
50027
64845
81610
42395
8690
91603
19635
52253
79923
4247
36497
79807
18878
51258
25775
25653
8409
12327
67911
30618
33190
66851
39462
38312
7944
25646
18811
8985
80156
44571
90661
81430
39195
16641
25155
42389
44085
12533
8375
15580
16852
23451
78233
39099
33191
7260
85270
63444
56323
1093
78175
42282
96590
26858
40401
57655
48087
40749
83491
59362
77610
86149
21512
96151
22872
4285
28232
84504
28077
56647
32948
87221
3074
74818
97362
28692
34755
81028
3964
6350
72135
59499
2955
86766
29016
93906
6798
24915
8209
71552
38217
11262
73986
28429
80633
86238
25589
44593
40450
12113
11663
92744
72902
3561
27420
60109
29098
53189
10917
53067
16747
29823
80002
36654
76144
1198
34417
41759
48184
23743
62333
96384
37086
57533
49514
13597
4654
14224
72711
1990
97309
48962
33304
25813
46817
12354
43289
88696
59704
58222
56801
67160
24952
27052
34140
62823
83662
43272
3834
86125
98607
34902
78181
19341
43496
27728
85104
63177
75810
17003
43300
75
48702
95569
98564
89097
81412
11410
22449
1996
95301
55122
28511
51038
33001
36703
86278
51497
7348
90231
6348
91634
38952
77371
40945
58945
7115
94611
97938
16241
32868
69584
16693
46390
59815
8290
75795
14366
44170
50616
47978
80182
31895
76654
80583
3674
15334
42149
38236
63047
3843
30464
84860
97412
33514
59799
43717
29778
18067
52153
7206
59504
37153
6740
36504
53257
98876
65940
66746
92465
67878
73907
14187
10328
74412
97123
26973
72110
33090
69559
44891
81570
95600
59294
54617
74077
83902
51732
94974
21631
30810
6339
49195
63426
72736
36227
65789
11260
86997
29507
96256
35100
87803
92126
37287
47355
30821
55204
75194
72402
83177
66534
65591
24678
68814
23438
59745
96525
86124
89259
6904
87032
9091
75063
12939
84073
54922
38247
26202
15461
95881
99005
26744
15605
24870
83121
96267
89062
35813
57084
29161
38929
30411
68435
71959
65628
91435
90011
69476
9763
17194
59008
73477
47761
10166
54911
1455
27217
60270
20823
55217
57421
11198
74011
24368
25888
60923
18204
88673
38524
41976
35545
57960
76471
46612
27455
78616
79090
27841
27860
17428
90396
52315
8520
33918
91751
30726
18575
33286
7483
35134
44052
19302
1820
57537
7331
7584
22777
42116
59657
48879
81328
31139
89672
38575
84141
16648
24508
63333
5779
73364
82101
59708
11344
72161
31780
93530
87995
21373
8188
34191
50547
28326
3585
42124
79009
37553
80085
62362
52540
40011
36532
59544
301
16787
81081
64370
20724
86947
91727
9519
16078
9895
67541
51904
77494
71280
79393
78692
1508
42623
10399
41046
29213
58728
11365
58682
95899
5817
86205
93735
49361
89210
67021
52505
5014
97929
65
5942
35110
67510
73133
43112
81548
53892
31840
20879
7740
97056
95671
34477
98656
20881
35313
2579
33240
70504
83300
55927
96506
86095
96297
5475
40676
58149
21731
87216
28151
28071
11259
6132
47775
24409
88759
51250
38957
56927
42421
10546
1246
21819
50065
53772
67398
28932
72237
42511
11437
72414
96557
17755
25099
56684
71310
38768
95766
44329
25013
33864
34032
68469
50083
99053
62849
14527
56142
24707
51863
8156
15150
4638
4689
41450
56406
93996
34328
75898
16078
4319
308
60637
24647
27149
27884
42283
74131
50257
89647
60398
50864
62092
30478
39438
15204
74009
96570
88967
45091
93011
6193
96853
92939
85205
99491
42350
5266
32254
14216
92749
50322
32179
52475
14348
77672
18743
17351
37273
37323
32465
18696
19674
88049
29561
12605
69755
7744
41104
85471
90177
25744
64095
26208
99639
52029
43131
54714
64133
5812
81996
71253
78079
6585
63481
27201
59494
75894
37330
55006
69837
84690
1096
45648
68943
75747
71125
26971
25439
83747
88531
56361
42483
59727
66217
25636
81421
60075
48815
75443
96073
94585
71697
1149
64485
84041
83764
63913
59300
67538
91885
50195
37296
97705
21795
29428
88103
26427
82565
31080
38798
44060
45128
74737
59356
49969
31730
1185
21665
38968
16836
15588
81930
93336
29245
14114
20372
46282
21560
64341
7474
91057
63633
22270
52854
34396
11233
72464
5416
59989
57697
94434
50836
38043
25536
37622
72560
592
17842
30715
89496
16252
59682
47844
58056
66497
79961
39025
27475
3164
82267
56900
81813
56684
46833
79248
83872
76208
67888
24276
73905
13394
80984
21287
61860
25336
23782
36625
76576
42756
39469
86706
333
55183
21031
31149
19487
76690
67907
8968
62523
50726
79337
9001
18435
98056
99737
50880
22643
23419
35657
94640
44985
45943
44698
31764
73481
55651
31377
45037
17628
79771
58863
3245
19591
58834
72685
55877
60244
19939
12780
1141
6410
68794
70659
35458
69059
823
83122
56803
6257
61427
68815
11289
70177
13550
56553
7159
10067
86614
16291
43261
70095
37400
4951
55413
74168
91564
66132
22190
67872
94235
42373
78503
88429
42183
90626
56135
7224
42804
7871
7951
76914
72924
15025
50751
74187
75914
89540
8118
77751
25779
8352
15127
35868
58038
55074
13941
69499
85529
76956
82803
11725
95043
67130
7444
53103
38880
29172
71486
76785
94801
32871
86385
58235
43129
12390
93023
19201
46765
73018
76615
5241
32343
8750
35805
48422
95379
61870
62832
61996
62389
97788
79351
41097
91233
49239
55878
35936
57458
88152
41641
94656
93692
74658
4395
66751
51886
60745
68043
36346
64146
2008
53718
52455
63969
3457
14498
19484
73496
71458
64908
53699
49784
14962
95203
14854
12959
94874
50113
33674
67303
14231
5583
42764
65530
29728
71166
93656
19023
17114
11412
96483
74787
73639
13650
72932
85086
69747
7883
51309
62397
53020
36527
60412
9176
71605
26883
58926
40780
76694
85410
42157
18664
61313
13130
26269
79059
35063
98460
21402
25525
39544
72896
79540
39180
17792
41347
81983
33333
51090
64720
81215
78484
51283
80048
50135
34985
75272
91080
63658
13954
27916
75815
45181
62760
48716
33927
59391
50408
95220
50863
82029
95709
76771
60238
24066
72267
15234
14965
46244
23673
22954
89945
68135
92759
91546
91491
51145
60005
40047
34992
82212
679
52511
57587
52585
38306
41010
7229
69286
82899
83790
5343
98239
94183
16
89652
92292
83129
14433
43770
18560
39479
313
12437
34986
9032
24314
7664
25203
32379
37889
88456
44391
41062
11919
21965
63054
45444
24275
12960
56616
29048
29315
93964
16539
67299
63566
22401
66401
48281
56751
27826
75847
16780
5433
5543
86885
11927
85697
51638
37961
54331
64970
65195
7614
4828
92902
68892
15342
46827
4344
88535
80658
32382
26273
50134
49622
13036
95451
58937
18069
53339
79663
3878
96083
78112
31261
93213
22488
7842
25165
83351
63514
27056
14435
90992
30933
27149
31059
75481
77718
72687
89033
86462
86780
4684
6427
75681
44840
84717
52553
59067
94194
10424
43265
51765
35306
67466
62576
42590
11243
46580
46756
44564
71164
5676
11482
57366
26474
37828
66299
93787
1666
43848
79418
19893
88832
10424
67386
17838
83461
61728
51059
78604
54353
14268
80932
31066
51546
74789
41018
73069
39025
35583
37829
86063
54010
20607
22644
83907
18760
93388
30954
47909
30818
39797
72403
1440
21304
67539
11941
91381
4168
37812
36351
1845
56404
79166
16868
99424
34414
83751
32797
8903
88213
60271
21733
47742
66534
40938
10963
72086
85999
47875
52215
54784
3843
58803
95019
42077
47086
61503
24508
76219
35963
65518
3936
43572
7085
49593
6544
61887
71969
8964
14490
46706
20292
5158
95271
30495
37689
80365
82319
85431
33466
70902
35442
31842
66745
13553
45391
80454
15894
62099
87489
65382
49912
33850
6941
13734
22224
72236
91594
59295
68629
99385
72017
49220
28326
20050
27516
44612
18681
27476
64774
85688
26162
74449
35771
61018
96717
4535
43234
11125
20709
3803
19701
86440
72284
25203
83707
22049
34821
62313
57538
31066
69190
16006
94587
17906
76693
38299
83168
82454
5950
75034
12037
57520
22470
8598
7523
38748
18989
52565
27803
72118
69866
57113
64838
39698
60912
5131
92226
1003
98602
26971
16287
14216
29909
6187
65408
51124
86549
6072
45110
24825
76031
67915
97435
57994
39060
36535
14952
15944
73737
86736
35014
63213
39972
71222
3452
28412
97688
82488
34803
8775
58303
26469
38682
79853
51912
84159
65589
70932
90269
7167
73987
54420
73229
57810
13040
18410
77455
61211
20004
257
60760
49806
77418
56379
60512
51938
96395
85782
84943
25305
51962
79268
34559
1753
65463
78343
94100
34149
32290
25772
58148
97964
58957
97710
44739
50359
78468
28999
12809
8316
27388
32587
43508
43651
90452
37931
75965
1836
73653
59595
34321
31773
90260
90098
27766
35599
31629
96190
1254
67162
12369
9364
87673
5237
87392
86025
78712
2392
60501
84576
27491
10935
57150
86797
23939
95543
31121
47101
25745
59638
22833
24276
30123
56209
56906
23938
77297
51230
60423
81226
56044
14021
9140
57451
70745
55891
1606
55931
66824
10323
11215
79096
1458
93111
68713
9097
63850
70735
83049
35851
20495
989
39395
48216
75289
66348
69288
74720
87520
46371
62243
66599
2152
51209
43519
85461
86254
88338
92190
7579
69765
41498
19388
36306
70184
87872
19811
69653
73693
81966
55503
91828
18788
19860
68329
74862
77770
74350
94047
78434
60813
79553
92640
63085
23052
74736
8994
96240
90463
49183
34606
45347
70381
64844
41802
10851
33796
69525
51570
47361
92303
21584
32903
66347
18726
72319
45730
83643
39302
38825
61731
13055
94034
17841
38590
17908
90309
71571
76096
18668
86740
84752
85253
12268
98249
14534
36648
70190
72832
96206
57533
15148
34481
43176
98616
52067
77580
4259
845
44543
15414
77935
25552
38937
86862
95964
78322
41040
47529
31728
42771
61774
64437
29521
11840
50157
5543
39996
60727
18461
6172
65616
78394
85856
75414
62961
46691
35589
62869
91626
368
36690
65193
54016
51295
80261
38326
87622
34716
60924
34973
39708
36164
17640
13810
47014
93967
21237
59310
7970
40239
39284
42784
61237
89641
55735
92128
97401
75139
86430
10965
16063
80374
39464
14952
92015
67430
49877
5638
77307
71222
14511
72017
14613
95511
1146
19229
36751
90384
3111
36082
2614
15489
93616
79955
17025
44988
82879
67753
13871
21972
32200
24281
13579
537
89817
50848
27408
63941
94632
13937
86136
93205
77092
15261
3002
56250
35235
55629
32390
79023
79660
5731
25587
21318
99454
91227
60521
97583
73851
45969
94367
45531
76560
59185
11621
55689
87565
76475
63726
4236
86764
89516
89992
22424
13915
24338
57360
2121
13131
11650
93089
20520
40806
73388
89324
51239
80953
89904
71726
77283
97315
30345
34104
29537
70649
81729
25202
22543
73666
48163
96778
72582
58847
34814
9844
70382
98548
23561
91965
7095
65985
43276
1881
10515
95370
15219
99449
52435
47309
62188
11468
34565
15203
15898
60810
33859
9067
31150
56554
57051
12736
86472
46431
23173
33350
34428
22710
75948
90985
13409
92913
27890
51222
11222
12062
93321
74457
85731
85915
73605
67110
71078
41005
97199
94251
30757
84357
8674
76682
94298
87102
84219
19701
35705
90227
18863
68566
1049
69287
95508
90358
93829
81124
31444
50400
762
8859
59171
43509
36428
84427
95533
6588
61
71903
97920
63856
47189
25314
86224
59284
94321
39690
20029
13774
88005
56333
95844
51668
5616
72693
99234
13062
88866
5588
13036
5190
67478
35511
32578
64167
11875
13332
40802
2393
60601
46234
7261
36779
77706
64557
68155
6854
50369
83930
93951
1275
80791
30174
79075
90938
16858
54775
14489
40776
63700
7975
79629
60787
94045
93102
48836
60623
90077
93860
84742
68207
12550
16795
45919
3130
76531
17293
46109
17722
5295
6255
48164
32533
40668
69125
39647
40235
45877
71429
93368
99258
49822
94850
51710
58946
32682
25791
2305
27205
79396
38321
92921
97523
96315
86802
22867
19614
60063
67823
28153
18343
53926
12891
72746
37154
50813
90020
2107
3732
39668
69212
2997
86766
68096
63123
65574
76478
64718
40911
57457
54522
73912
56703
12725
36419
47975
87031
65254
98034
6600
85933
56141
3467
3859
91258
11087
96953
77571
27012
83591
70660
19029
7894
78814
53463
99574
35354
78351
93447
80123
59149
69112
95416
25733
744
95141
28874
6806
45143
33934
78690
62544
96727
81663
24328
70872
28881
17706
26542
82654
6581
94980
60776
63961
17488
27811
32743
82819
33277
37502
85147
60462
5634
36917
20436
92456
58021
6903
50686
69475
5830
74886
60449
90359
48062
94403
23370
9015
82112
54093
58349
61883
65173
55325
27416
49375
27631
84648
61813
38340
26980
12928
44369
16865
40606
28518
65384
6145
97543
32410
53907
15835
40161
11609
76714
37922
49529
12352
51291
99664
39129
13122
71673
24643
19248
50446
30172
56742
25127
15461
84351
57322
77277
47596
64630
61193
976
98834
94646
12333
39777
17955
50344
54348
41232
69824
97390
14214
29545
6365
13581
10968
24728
1070
8771
9771
88122
64594
85696
25794
81599
85123
17554
28634
24048
86506
21250
7809
8964
178
20182
4219
46126
73247
42358
70112
23753
29352
70610
76618
89920
11196
101
41392
37748
2763
79129
35185
63796
68365
42340
39251
39499
15461
88758
51492
93627
16820
16936
72777
82274
33577
41818
44088
53367
96943
18598
2482
94313
11691
96931
1708
90499
96446
8601
34911
60052
7208
14745
45385
96981
48871
8159
24349
27921
99996
3036
49586
87959
30755
860
18590
91077
25165
40417
75159
27449
20886
86725
29502
17663
55897
20178
75963
78494
53531
61888
66488
31724
13602
30945
72576
27272
43228
55406
42949
214
25873
56225
15302
63195
13001
10707
2689
76879
65525
38
95645
99059
16055
21901
18678
12006
14715
93034
18272
54485
74269
18446
42325
71772
11741
32994
2119
20829
37338
32355
30886
66683
23578
86921
40674
34026
16518
86835
13820
78584
27822
15528
48295
32169
38754
27688
23693
52077
94145
63527
44614
20945
1966
17393
43988
1051
31866
95349
83640
63888
34864
25334
38101
16331
65280
60753
68871
29042
91410
67639
27753
52242
5007
21971
3905
50259
60508
10252
77057
4713
29040
14960
36078
97441
86531
37205
15961
76017
42841
85752
3247
38071
52731
16533
28550
38373
6320
76689
32303
18486
26799
16878
46583
59818
19003
61698
7270
73521
12930
11139
49070
48226
79281
74085
3984
82248
1556
39153
27816
1309
62068
18275
32144
58301
43192
61660
78640
36041
19703
16409
8917
41974
14011
53597
400
87334
52429
51144
35931
31162
69841
94100
13665
33065
29067
92565
55364
78505
44084
90972
78192
79367
77
40146
21473
85218
33099
31511
72734
54254
98698
53140
34114
916
99814
50937
12958
35363
54731
17172
72883
96831
98618
60092
11048
21144
87796
31112
7046
84766
63551
63855
36264
94773
19335
38800
15145
31313
60261
65740
20054
17998
24602
26230
99211
77260
77329
92910
96850
11604
53425
27838
15476
46167
78762
88366
58274
26480
39659
99044
22689
40493
56442
44864
97306
63841
83457
31998
47748
37748
10878
79322
17166
39120
12428
75805
55243
59541
12560
20236
61049
89516
11385
39349
31235
61725
8007
16127
61749
52864
4466
74320
26386
14157
64923
6000
93691
19555
94155
28034
1285
95292
26226
10538
72078
10747
54152
88873
39562
19789
78481
55953
69626
56801
45793
70174
22483
34064
8877
77394
4404
75001
41948
85266
25552
77869
53275
86719
78051
30406
58840
62007
41760
66572
74031
74831
54382
96564
98423
10500
96797
10980
1376
18875
44523
89018
38856
91379
57827
23577
9404
22921
8631
25981
69096
24671
52582
25579
81751
73699
37846
25259
32773
5726
98434
39326
50604
91825
10943
34562
83561
23905
80942
98721
42832
97589
22530
96063
83558
19102
31715
23357
77342
58934
74061
7483
99658
15779
3044
28627
88553
13604
97947
31924
38517
68953
83110
26930
47091
89180
37685
79509
55854
20459
53562
72671
2728
7575
46156
33359
55868
57299
86540
79513
83808
69584
4391
92215
22426
4741
97256
55621
50285
73356
46369
69564
64808
81532
43624
69546
300
28212
69331
38633
94559
94169
29234
13657
55543
78777
16815
79988
85610
60779
69340
83264
16709
29362
29353
61328
65558
66757
2364
11338
48549
3139
25563
48182
91921
81726
81918
98554
6426
54438
383
39833
11268
37264
99255
54358
78556
39672
12261
41338
94272
54745
50976
70490
55379
94757
1636
63610
89515
69264
59403
55536
89919
83358
62726
85954
85777
88638
72033
99477
31054
57787
98891
59690
60204
32670
36485
68966
77102
60055
76228
87847
29058
72136
84963
91150
2622
14877
39682
32837
6922
95553
44593
73867
92721
64604
56365
26902
45225
23378
33611
7877
14788
18013
79345
11304
35405
64407
35941
79616
88683
19669
97295
91943
49440
35894
29159
1841
20844
8569
47985
42897
64087
54630
4509
9060
61558
87109
80564
44663
1434
57518
814
56851
28619
359
15705
71863
91106
51062
87190
6367
73485
83826
60037
1820
61850
72889
23760
67394
4154
89271
76375
40713
28026
54820
80649
62446
75887
67422
8285
92623
21822
92793
23676
19211
90362
86465
58065
88094
32703
78992
15805
70085
17086
24834
1966
41915
87770
27182
15804
76772
83340
80785
3359
86379
9276
25207
56384
28975
49929
36048
69720
78125
7146
556
10232
26237
10355
44747
41419
65314
62819
83266
47534
62115
42795
84243
34262
6949
30771
32483
22339
87035
70391
99615
50526
5860
64186
22279
29111
64877
71340
29804
49819
80383
25224
49886
67333
33468
76592
50580
18201
84643
64286
62170
61820
8072
71790
4285
70008
93853
46296
46784
37807
22652
94704
3960
18306
59777
8392
74362
25792
26362
47235
95592
74793
58444
35122
17046
28901
8478
46770
67969
11401
53261
21822
47287
33991
51449
8753
385
50515
99696
20930
88921
68734
72305
63392
39113
81207
98713
18477
59639
45598
424
55616
85717
77879
94005
91150
61676
48154
67094
23365
52962
44310
73104
42
49598
29226
95619
60197
27554
89178
29710
16550
80732
82790
38956
70648
66940
23646
51657
3784
95285
77054
13194
48445
95666
3639
73565
47126
20573
82831
61370
76014
82723
84702
90157
93610
47013
21029
99826
42409
91021
76407
49743
8762
86494
28558
32404
31803
83895
862
41910
51332
58645
15777
37473
4953
54166
92815
62040
93303
55641
36657
36421
24795
66063
37753
92302
82616
56129
35312
50710
7663
87384
37043
38030
69374
75642
50868
93032
64993
1876
29441
63705
90160
87521
48090
9555
94541
42189
54402
12968
7398
2782
86700
53576
20374
41814
51482
64399
68834
69193
25240
42693
45559
54027
58986
38442
71076
66312
43420
57769
99442
20469
91653
35627
80602
53738
13758
47487
98589
53076
49212
22073
69173
24163
28756
6733
12038
8994
21945
38759
64942
10745
27987
60683
16757
98197
91883
38321
77374
25692
94914
17540
12667
4053
948
9686
34853
76900
64336
42764
12361
87013
99249
74124
60964
55966
30389
57468
42903
4406
57061
87625
48696
10391
99027
75954
65840
16149
11880
24842
34319
96741
20320
61161
12870
64654
69904
59593
71067
77719
78518
41383
99974
55952
12316
87701
95698
99468
40404
36958
55194
83926
30604
27277
93280
24614
40460
21626
47338
28759
67522
25798
89931
51846
31684
58769
55778
12361
27059
14131
29544
81153
44259
87405
68285
15526
55230
25936
27274
81667
95544
85025
57377
79209
73543
36247
3448
39178
49041
59882
4841
28260
87136
40704
91434
16800
27880
57888
31063
33259
38047
43434
47331
80427
90183
25574
68087
2595
16853
27660
53304
62421
56061
19573
4264
74738
77565
77250
6377
66144
41540
15774
46693
89655
22304
50677
57382
5815
11491
27837
5558
24535
39464
75988
85806
25090
51117
70690
94791
57765
4279
21867
69881
41937
13357
79562
84475
73232
26318
52879
72550
38084
7889
43621
93892
71849
14561
10930
69693
92812
23311
34883
15451
72439
7380
55983
87562
78807
27477
23965
13446
90796
13689
43249
59853
75776
98229
45538
65575
14314
91393
81991
67605
88530
71957
87545
68457
23246
74343
76753
774
43307
43510
69679
10463
62273
97750
21965
50908
89834
84523
75084
15359
65579
41097
87192
51668
38906
6314
72101
39740
82251
89915
27138
34789
16152
57692
1996
84798
88615
20861
89034
89903
66141
19999
53486
18383
4297
14293
88560
27504
83524
71450
59527
88497
94970
21893
33717
23900
52610
99612
58648
83900
98883
37399
46266
46288
48422
38920
5101
27361
77758
74138
41325
59353
93458
59668
11458
16242
68163
17011
11761
83722
52513
82436
8285
82984
30455
7882
44901
30394
29458
48244
10950
93093
65805
34578
27779
4641
92507
34746
36856
56586
1155
98853
2058
13811
38580
39652
41016
5381
19161
23823
26118
26635
99787
39910
25354
92574
46052
76872
56780
68784
12548
97131
44467
65049
44309
33392
83834
89975
67909
65357
42951
75877
59189
95873
58032
45108
34277
44142
21353
99174
58417
92231
15095
61732
68077
20307
84688
5691
75271
14440
48198
79420
1556
42621
23588
79556
85011
38923
10387
78716
21475
51982
56521
87569
40689
17024
4440
46431
50184
18705
52895
56162
65213
47944
69939
79856
87309
23198
84826
20478
56597
59227
34264
63116
85732
21550
69404
91696
81832
46536
71725
61179
50641
70945
82809
81945
82137
94410
36864
40357
63665
30503
6946
34906
46113
92781
56249
13854
54150
56028
15558
95218
43478
69256
68657
13962
14146
88034
75567
70585
79010
11909
39803
47828
98161
72666
9181
27887
55911
23774
79500
7181
30969
93067
27880
55361
27409
15951
45983
4480
73414
67033
39208
56669
7263
40251
16410
92268
26747
41157
32947
17444
57851
11886
99294
76164
86467
4988
22985
89602
77396
11039
63936
92138
70164
42142
33060
18914
12569
99632
46392
13121
34861
95403
16877
77109
9964
54120
28845
77523
3198
42702
31538
68635
83310
11726
16842
47632
71319
8579
85004
89810
16912
56256
31916
2969
55419
45440
83433
48981
60057
85264
74194
19869
37256
40687
80894
93676
93401
87298
76145
27454
70353
6749
21513
35810
54101
41161
26569
62219
61268
19324
36883
41043
68045
38071
20319
30953
84158
23972
84440
22710
83119
14211
3456
59833
6353
23304
14737
51428
48779
613
90274
35431
7405
75154
73422
30997
35243
21602
93891
65412
36585
76731
67733
51998
76
97808
47254
17088
5859
76484
36418
77005
77983
31542
95275
48857
24355
34709
33862
46755
899
29919
2217
8073
17850
91835
19847
64317
95205
89933
30104
2898
1933
35762
33153
93300
10072
82493
94422
66299
23152
77631
18540
18982
34155
12455
29303
32866
63662
36938
83434
31101
98494
44505
82008
31226
52304
83287
23576
64195
39273
31905
44430
52964
52215
87848
4627
65835
11312
36599
42429
84509
71850
58127
69803
93538
75389
56492
39308
59228
20700
11252
61869
59765
99381
61481
2093
17354
66894
81359
565
92125
18582
31250
2135
68321
45086
20047
44533
71443
47842
31980
74753
30415
76871
45056
15887
38893
87840
44574
48345
78041
45690
243
53892
93960
14341
98541
25443
7885
84261
66011
90102
73457
17636
92162
38457
96338
95756
99394
17971
96980
65237
37337
29084
78716
35767
41417
78806
28398
10214
67037
9722
82091
22530
75230
86759
51068
62689
558
98069
86499
95708
69524
40172
69822
52515
25364
64442
34963
72009
31230
47700
89593
71642
43950
45015
19259
71385
55581
47275
23662
24867
42538
48846
30830
20530
96207
76855
8746
84762
45147
3989
31219
80459
37359
67133
95087
77796
13850
76614
26823
59313
13275
49947
31429
72244
7712
46058
2306
74651
40613
24036
86781
98397
23620
31740
50567
34910
13811
68521
96817
59108
2339
7613
17334
44756
80140
94098
45963
84378
29050
73787
50434
16248
6108
54894
30580
55466
83508
40488
47880
39674
4430
10031
53023
21691
68034
76694
33812
28224
40026
2462
27534
17040
63015
16484
13393
14729
72367
49237
46973
99056
31197
83632
45748
80225
2496
84098
33279
74562
82518
25063
81905
49371
56648
80914
59900
9451
52277
80753
20830
51906
57022
17499
79881
62529
45233
88030
61017
5649
80632
84372
55852
71218
91957
87038
8570
10918
25832
96561
94219
72867
16942
71433
9410
40267
80086
48475
21428
34421
59634
86838
20656
31560
34783
15748
52585
71741
74197
26874
49369
16201
90573
53329
24736
46452
9196
26149
82906
48324
35813
70356
21028
89242
37535
38628
31174
81067
97180
94762
92150
10977
21586
2189
37847
51596
89829
69496
57536
73405
87795
12223
54912
70549
10951
43889
95552
19603
59965
97870
42011
21336
24002
37153
74448
38281
64763
87631
53503
36401
58515
60212
56070
62121
62160
53313
67747
39545
42044
38044
11671
29528
45330
16505
34529
29357
49210
92645
79967
76747
96549
6949
77495
35875
38137
45289
14689
93384
49195
99392
78413
70152
20063
41056
69756
55225
51840
34041
28460
16210
14900
21558
20264
2362
41686
48759
19424
75944
23688
92008
69060
16444
58871
18504
68514
82606
30599
1254
92198
20972
69007
82921
7002
99024
81546
21350
15164
69603
13696
42634
93971
39686
30602
60511
40882
94495
51104
98181
44615
30829
65925
72491
14697
57486
44562
6582
99686
74741
90010
93124
69266
62449
60551
39679
22968
44983
36112
96770
64095
49362
57858
65782
32785
14641
80281
30999
86930
70148
24443
85612
59022
47771
16728
45901
4128
95316
44370
81547
37918
13059
81223
471
91464
26015
95965
26517
71937
31453
88980
45519
10299
99643
70374
76063
11916
10559
98524
73560
62354
3411
27251
43621
30072
23032
36664
79094
62054
53608
38226
75126
68976
6000
57244
88013
83958
51009
76653
66795
57399
33230
114
10703
965
52113
31029
45017
66621
14029
85722
83765
5062
44808
90169
39091
8811
25444
92387
49742
5279
61929
61810
83009
81894
37786
3706
63837
48831
75085
30314
44457
77667
73089
45187
40847
31260
96423
37832
79282
68293
87795
79442
35009
35096
47733
29189
59712
85395
81459
59136
89780
32998
63200
76855
98591
31482
15084
26452
14621
37753
77412
93592
24232
76860
5338
31518
92069
96910
46487
49624
39800
30072
41819
49896
8082
41195
280
68716
25370
4242
12981
31124
62715
17510
88614
48381
80260
59875
57072
2362
18026
31583
85262
44404
70323
30237
23856
80506
82209
43569
92945
37139
46150
7029
10422
40340
1432
98887
23298
86608
75263
68453
25669
15862
93013
84152
25738
5641
3210
67404
78846
37071
77521
86989
45069
7243
44565
39913
37512
85104
49605
50085
26869
61838
13724
82728
20921
25396
43269
69638
97843
2025
87835
95404
1657
75316
15169
18242
36906
82536
32345
47217
91733
53964
78323
87182
92599
26933
37431
48966
81697
19248
41797
26681
61567
44988
7026
68172
13348
99420
45395
60112
15727
76873
16715
98406
51489
20204
66242
80580
90364
2973
84346
3933
82057
23783
10520
359
48240
83724
66394
7635
93690
86696
66143
42833
25821
36576
83202
14153
13375
64188
87788
70808
66091
14181
9757
73407
96600
10008
87252
54450
22040
6599
66414
30702
20857
64500
13123
88623
15317
10298
42018
20245
46023
55025
66302
27655
81780
72208
88866
83278
38773
24454
67453
18843
99132
43162
63487
88246
20036
1130
97170
81342
88186
90782
79858
72423
85833
26692
38606
79756
58807
9736
81138
78725
942
46018
95676
23452
71011
87321
71343
14307
31360
98767
27855
5833
25221
22214
65947
88830
12626
75140
45297
67418
3842
22151
69626
58436
8097
36397
29864
35413
22651
47686
81843
38625
66998
4532
4052
52375
23649
69616
65374
60735
86021
33386
62371
47304
97366
30818
53937
36021
87595
36727
55747
3066
96741
59060
37865
41815
37357
28096
45491
20022
63766
27806
57142
8504
12356
13752
21069
42753
83338
22723
71187
56426
42033
89949
64019
65491
34506
15563
67668
15719
94035
13274
24704
99826
71638
86169
39024
88976
54813
1603
93100
78808
22529
56722
45815
37279
79920
10003
64922
47615
32654
35753
65610
31516
22290
55766
97788
96485
11734
92253
32607
56067
83587
68225
33321
22414
46984
36223
42441
82310
53677
31301
68985
56063
72250
72146
87011
55742
15655
15728
6596
24647
36228
66639
16337
18289
93703
36712
58973
1121
31892
45719
25723
35209
30571
13908
64471
72187
6041
96220
88654
28472
44071
71349
55224
92488
72105
36832
33552
47056
26324
85425
36551
57077
81299
74714
8400
36415
688
91510
24959
66169
38755
48615
38683
62831
21487
69716
94694
63934
44661
28073
3703
68125
65516
92892
77190
90226
90746
82134
40966
76778
70833
76447
87648
27741
37309
89234
1336
41336
96749
95499
78405
74907
73179
29140
842
27955
29556
68292
93236
20710
29130
59990
14446
79382
44722
85705
81099
24568
42958
73220
44818
51234
13923
51460
3559
94839
24208
92217
10971
38294
9726
26942
19373
49591
23540
67582
58267
39500
66540
80909
29350
78374
94170
68073
35101
40938
73602
7134
40255
69278
85816
11974
90043
60995
89416
11418
88317
37645
2994
49995
7387
95689
21809
85600
4723
19636
70614
2958
62071
23112
94841
73285
17611
35108
94816
9896
1996
29051
46515
56628
68250
4274
44244
32080
44579
39220
71572
40839
61151
27781
18235
13310
67878
42036
92241
93984
70253
17447
56689
56427
11144
69688
2075
62661
93118
60565
67757
58852
27876
59442
43440
83163
99130
69297
22089
54680
57280
16309
14108
90821
3941
25454
70053
78599
74681
25185
2882
55392
23965
5763
88423
54320
1092
76145
15252
81401
19367
85674
81488
28682
91303
36145
11800
50809
96105
31537
39189
1070
75506
37772
49308
85923
59240
89724
32767
31829
84796
52291
66334
24462
74171
37965
84204
43800
85780
17728
34566
87011
31659
78862
29190
59566
51581
98058
71593
18647
60768
48785
93191
42935
79291
32601
2445
71706
17479
51977
15731
14924
37013
66719
96543
66226
51277
19786
35116
15265
48244
38925
67221
5229
96333
75455
63060
34030
8281
85811
95289
99277
32010
14631
91760
15667
60104
13325
2681
33577
64465
51622
55048
77817
97254
11843
23043
84215
61819
42220
16029
60891
49547
41401
33139
79601
71892
4554
76872
92559
55894
25963
52452
18752
84090
18373
84674
6362
10619
79659
79486
3036
56432
10609
95968
29428
28080
66655
61186
7966
49393
71853
99270
85905
1741
9994
29414
60409
86184
70260
51287
95303
31241
26371
3483
53053
66544
4523
87560
55433
77600
31560
40213
68314
47115
42810
64618
2969
94122
67729
11198
11515
92183
33434
98807
40765
25853
60950
79870
5068
80212
16067
28833
32928
82030
85171
77208
69152
32647
25441
86268
40805
71482
94681
58294
4351
70103
99999
78663
6285
5343
25323
86413
70974
54483
15846
13322
28608
54974
8086
15219
10974
90115
17602
52560
51280
72185
93599
55195
91410
96705
35901
38192
24969
17746
79671
38245
54336
26641
54315
83756
48177
67408
30635
64333
4507
34692
62006
65568
41888
91276
10059
6223
54135
29479
7761
56506
56176
23562
64548
5873
7974
43487
47136
18782
28142
42052
70524
70623
70539
12619
95051
15594
19639
59997
87649
37695
35008
893
74418
48061
8598
58455
24757
40781
98243
19252
25403
15560
85985
11542
23947
43541
36657
82908
93023
83032
20943
60403
61995
44204
49008
89972
56173
70438
90278
63435
7706
11151
62753
117
8877
90888
77283
23569
23869
81705
86852
67047
73654
57078
59309
75274
64521
74880
27020
9902
70940
30653
49459
46596
57072
3352
47858
52085
56351
27440
78963
2961
63522
64090
79418
57025
14174
61283
49145
49590
48850
94633
46109
25056
84874
63171
17346
4892
18796
93715
65012
32782
70737
18409
52970
58787
75222
14747
14331
5851
49253
68322
9297
86003
21969
19869
31201
14461
27317
58161
16546
48381
95637
58387
54057
14688
53709
87760
59837
60289
76981
84922
94751
84972
14564
85498
27528
33293
42409
67575
44537
14176
46813
2356
76152
30777
28460
47673
66163
62369
741
29095
25383
82448
22510
92941
53960
65555
9197
28083
8746
28240
1341
20527
42917
3727
13341
18752
74568
4600
69651
8853
92956
34146
27943
38327
44466
54509
5551
37791
31751
12059
18808
35519
22653
72859
26422
65194
59149
5283
34267
29665
27636
26319
54552
31154
59440
8011
99497
86439
38889
49406
67379
7111
28786
76537
19967
23901
67188
97457
45848
97094
13859
11323
41700
51531
84928
88704
61765
46060
60046
25502
78547
72196
88358
25869
15753
58076
63406
43014
60957
93008
6076
46276
52060
36033
17071
56073
1008
30456
69541
98159
41617
65896
73049
56909
59932
90968
17596
5442
58736
53732
77615
46393
76365
35926
88925
49549
3301
55575
77932
8037
86829
66083
51412
8867
94139
2590
81224
83291
24418
86424
91097
48567
97866
9159
12353
93804
21904
84916
39361
16775
94816
93134
13311
15650
53602
77369
70432
63602
74310
30160
3540
21904
9481
33016
29070
24199
12722
28062
38098
33457
2094
67663
21079
95993
85555
51647
13754
27468
81256
41574
25753
5636
44407
71364
36448
13852
49349
85282
41865
4127
17568
8880
23291
74302
34183
30009
50241
14361
4032
75863
53729
71628
98446
86088
39961
8084
57744
72966
20574
1935
78397
35055
10609
51574
55363
39909
27093
45747
23203
25605
31486
10401
91707
12425
63532
71514
48535
8384
2077
9302
92480
40312
33327
84073
52753
92981
90552
88237
4505
22599
50080
35884
37525
15299
17148
50252
2367
27728
20519
30674
57290
6577
19556
15561
75279
31703
36836
35460
35998
38807
92148
8052
15615
58973
27299
35992
63745
83313
129
82510
26369
62056
45032
88062
77678
34357
17572
26224
10087
75356
46423
65733
91321
41599
32803
13189
19335
67224
56743
34248
65417
28906
62601
39753
61425
13309
41829
23246
27763
42669
91606
92404
24171
22960
2950
10662
20434
92226
31372
90219
79875
34841
88937
91697
12016
95309
21458
57882
19348
43000
79896
3758
11143
69952
5659
25334
14456
55511
39036
65961
68954
51455
76379
60256
32833
88260
5717
15748
68822
38535
73016
31249
11544
13234
66080
85761
8907
18818
25346
11382
60121
84673
67687
52856
83525
45465
8504
8545
48836
87892
29671
4862
61554
55255
62192
29754
52082
66161
614
30017
85846
70964
63739
84215
26380
90371
84454
55842
27073
25217
95758
60806
89192
9658
58112
83680
20571
46054
23193
42345
86043
87909
43015
40938
57372
47587
47220
88592
52102
59814
6717
23510
64441
90996
47028
12316
23471
82711
36030
37012
61835
42402
26725
39281
87191
51186
30743
98577
90764
28950
77430
22522
39727
80789
81076
72987
87320
70780
17302
13334
72507
73225
60828
7402
8500
33987
21245
885
67392
33439
87065
87955
45771
17320
97824
28774
5032
2325
52475
71186
63651
32074
12803
1950
47108
6980
1031
29009
5507
11587
36529
20387
28874
15939
11803
47152
65874
28770
3106
95004
71356
86322
85843
74616
78618
54544
28027
88351
98197
69316
13666
48643
17515
20266
23071
86690
35085
28138
88236
37934
69895
64055
10277
39569
61439
41239
58304
78966
19332
70211
84910
72180
58172
62365
59977
86194
27382
21940
4140
6934
70499
90517
61784
44865
60170
80283
1316
40200
72923
16374
11967
65437
75626
34738
27654
15278
9438
62510
27234
27408
3540
61637
15411
89554
70427
57575
85217
53119
54641
20944
99885
7717
66516
87114
43627
5421
98505
67274
22621
73604
37450
32839
51205
75901
248
71770
4927
61972
2066
70742
28563
28670
11759
89769
80237
14627
47637
62570
43224
98959
1361
9148
90582
64788
15166
29480
46194
97804
150
79414
28289
16336
57827
64274
25221
72658
36179
31098
41276
56854
10490
85934
86077
16400
11888
71145
42892
60880
95102
54195
77589
40930
56296
1026
85500
73653
67584
34046
4545
50491
53078
65128
8873
27605
95136
48061
84102
36568
80464
21993
69202
4721
18832
22755
34047
5981
69003
63698
5362
74579
49341
93856
3168
43107
16585
70246
16774
66076
49249
43359
16915
85594
36113
91800
23107
12777
6995
18884
63107
84518
4452
69661
98687
61861
99550
9018
31606
51428
21870
7487
99832
53055
98255
3816
54158
26840
97184
63140
77694
82338
92076
10451
75624
70368
59769
5888
13569
66115
6551
54
45422
5368
28012
97335
66231
32544
32573
33225
55804
70964
48887
90522
58551
44834
15037
5073
15665
77888
15618
93627
8563
37855
68915
8343
6034
6180
90345
75475
70619
76615
67685
54754
75106
87791
14359
55813
41993
46596
74762
7726
1264
45361
6857
33082
5939
35794
47144
71886
29369
73749
79932
5183
31108
31448
38443
21828
65371
43411
45491
13836
35120
91105
72934
66241
4101
73032
68535
60588
21118
74773
28805
92711
64403
81387
42004
35412
66741
58856
26703
90481
84177
68064
75510
40549
18646
41975
8727
19985
10942
57467
50678
72893
45970
44716
15923
40846
84061
76788
17300
67010
42925
2061
4628
28533
844
45177
56387
72771
54058
62795
78436
54285
31516
42697
74197
90693
48727
23690
66150
5090
41730
169
32994
44868
81987
3646
73757
81897
1469
82627
36174
61338
6771
74714
54409
59745
14160
35415
95106
15896
14844
2932
86434
79347
44071
9890
87816
54440
67167
17025
2518
78148
98892
84080
25743
46253
56441
20951
76168
22453
31616
983
38044
36033
64253
3723
11491
60973
24622
84846
64126
30867
37229
74969
70595
22511
87411
84853
47990
59828
28247
82246
38068
14823
65156
8343
12879
78962
93272
20618
40647
84683
67647
76691
41997
61637
8999
49856
53518
7238
45956
97831
65381
676
53710
67031
40116
79920
54010
52725
12545
75878
10192
59722
15823
90467
61098
83464
66769
70858
77369
82507
95039
45904
23911
42485
41658
8044
75469
73521
12360
59843
72668
98293
12809
14807
41070
74298
9264
89725
16817
891
56238
37723
94489
2066
25851
79085
17854
17351
31204
40305
33861
99777
92902
8244
29007
37034
67138
44795
39511
9586
60354
54470
99441
22103
52636
60854
26667
12419
34070
9270
35051
84927
71346
19222
44185
90697
5681
69091
73754
13249
52557
38020
46735
81414
16433
84974
14506
3277
43038
4754
78888
58774
68220
31846
62154
49809
85949
89592
49983
94466
55328
61188
76743
52817
2842
54480
98620
1723
96458
59592
17432
95977
37611
86989
96672
66193
50290
14329
57805
68349
44388
14715
35425
75191
99604
93864
56089
24494
91194
31497
68225
50943
77278
68984
86792
63553
79694
99921
32427
51620
48385
98978
16372
90330
15673
91238
98040
81219
93325
15755
16325
10889
39916
14726
83989
11487
56217
85261
82313
11195
73715
72763
68570
80384
18971
82246
76014
28817
59255
47203
34778
46174
23687
44034
69885
82974
91439
61963
13331
55146
38188
15971
16004
18340
45836
91690
52267
30456
37657
9879
64982
73697
10301
82883
36010
80739
2468
90323
77082
31119
23591
22300
57787
38981
80861
77017
65968
40691
96028
37538
30156
11577
13603
27525
69500
31479
58539
42029
85423
6258
4786
29429
85862
22418
83900
73889
82841
80554
93899
52918
19692
75341
15792
82705
92957
3682
14
53301
83788
5961
87940
90370
95497
77687
27204
25869
39046
14821
42650
79950
59752
22082
43307
34137
16323
66553
55128
90309
80102
56955
43431
27974
81860
97014
37215
33289
44148
74703
7533
8295
25271
12465
4000
94238
82467
24011
68879
64327
27053
46487
92134
40206
98197
6868
167
99462
24283
11236
47983
87407
9521
37306
61275
33252
24336
69553
41621
92647
36809
97591
95503
19569
68370
93003
756
32083
19326
82370
20253
78310
54904
45160
6115
36577
21220
18171
26257
19968
35687
4810
41108
56256
47837
52295
31982
75949
71929
42728
44131
35868
29527
94025
70116
66964
89697
49106
7868
44962
98018
142
40660
1850
56237
28770
70901
62908
92623
55524
89018
91197
29248
34110
66111
75758
44975
25189
58536
22782
80716
41904
95521
54959
21635
23786
24539
44277
20802
89179
38703
79744
19313
90393
69473
1454
94271
21473
48490
19776
2785
18636
52906
84081
11379
83978
58614
51722
35788
61054
21734
56642
80516
78762
18658
50951
26570
28450
37256
67862
12624
20160
62578
70259
58909
81307
14499
44673
56398
36775
36413
38953
35224
6074
12065
8043
95801
95747
93811
22920
92799
91544
65606
75405
46733
65609
65230
58786
28167
84753
99020
95244
8776
65215
91722
75058
11254
26665
24969
180
48276
81393
84168
65163
24600
45280
84060
11896
58070
22479
52725
71902
82643
76317
48116
38770
43258
76527
65446
58133
39788
4177
31718
378
59796
50064
56792
1187
70002
12261
66464
3680
4233
71684
80943
93507
20458
53781
89933
26264
89597
94482
98681
20691
36596
35056
41838
14726
2970
49696
94659
7231
12898
63142
38746
12185
22672
14404
57545
59103
65883
62910
56035
13709
89060
87710
2710
20571
24417
66632
36025
90154
29166
91686
91557
45260
81540
5775
53144
93635
5257
93612
86310
26305
8867
4084
88081
69484
46950
6043
90397
12398
12262
72475
63758
11264
2522
9291
25366
18674
28836
1377
21532
57736
95115
60190
6513
68564
59246
20693
22973
3774
55433
20386
57087
98306
60198
72780
85270
88914
60387
25064
72170
41006
91442
64292
75279
17992
53501
19310
20604
16654
50937
39654
47856
56933
52837
15471
90353
63456
39674
5125
89011
27599
71263
40856
27129
61863
80207
21118
29460
56371
60569
11488
19946
19115
98709
31247
18077
26274
35898
12565
8402
80784
53983
11793
58508
64586
58920
53407
72815
76685
24564
76401
69854
13623
34875
43560
40995
97109
67861
6800
75814
6802
60878
49464
93116
51971
92540
72122
19054
88769
11158
34350
50198
95807
80712
57232
82901
95560
52463
48684
39705
49280
88492
86944
41814
3150
20783
59043
69532
5939
81235
5614
31220
24682
64880
40842
99683
81367
4040
8355
81600
1365
43922
16285
4789
78647
89288
5773
12151
48814
81844
92916
64169
75574
70409
81334
12215
40927
51710
51242
41431
50459
15235
92583
5821
16064
94592
8929
65153
49374
86049
39097
24697
48080
92086
49312
81934
23862
82236
78305
54406
92675
61638
61295
74098
86428
87655
86916
75796
53866
53976
18774
62321
92866
83370
98566
11243
85059
24059
3701
54956
7901
29783
60256
49065
59496
44903
83416
46300
27125
38476
3183
48595
6039
12172
37037
41737
70112
53386
90609
98709
64560
6294
38910
18613
38958
36255
14671
94758
3598
33947
19284
47544
21686
67580
45634
21016
46792
1809
63943
27652
81740
36871
41078
1346
51619
51236
86232
74587
14988
40656
46333
42229
12539
35351
73457
53048
35201
40510
42099
16178
13527
76103
62027
7575
44303
45971
15292
94865
61919
89142
20601
11817
45591
23881
8310
35491
54544
43690
6068
58033
74735
60111
69273
74220
45650
68875
95348
71761
73249
10285
27537
76618
14904
34660
17123
45228
61945
3113
34434
5297
74103
19538
26830
29668
55384
86734
42260
50030
33967
84487
31288
60495
90976
6709
31580
36889
14700
52858
54861
80836
43804
94807
44424
69914
24338
23674
50521
44667
19703
5711
19166
13083
58654
18439
86515
91692
35193
33352
28136
73668
35776
68784
19619
25980
68995
14934
20616
38867
54050
54256
486
23425
46811
9551
85304
81876
89333
54538
25118
9692
44918
83760
38621
37670
24560
78797
68314
9454
30737
67703
39367
9155
22821
60293
94164
42548
84257
52560
47688
88871
14761
5458
13250
31085
48035
82811
85641
29734
86009
98283
9140
78527
30863
81286
62634
78251
96455
26456
66345
45262
74070
76132
30031
38634
23134
99822
75408
28276
74946
78061
23882
42940
83785
3550
65808
84776
28965
57844
77557
7317
89026
16230
34028
46797
9910
18521
9709
56845
25483
97968
62889
694
74988
52118
24794
35245
55316
92813
73747
11066
60411
44252
33463
46074
56666
89424
88186
28641
46377
6911
13576
11255
86247
30659
26493
63900
4655
88630
68206
78857
92738
96248
68013
92155
77379
63353
84348
32703
79236
50681
71238
70710
71911
82557
88457
65195
12997
11035
4251
17078
97853
32510
95606
62114
83776
63990
56795
2393
61388
81460
9689
31772
86776
98590
46609
80060
60151
27725
66558
76807
91262
59872
50079
51772
46772
59069
82308
98238
63717
22254
61916
45869
62287
66333
20904
5658
31332
71097
68136
1305
83564
4135
74114
54320
54937
19202
86811
62309
31968
39020
89866
37277
47887
80194
76909
27184
69961
99792
70321
3100
24060
20254
6929
27131
54017
18718
26912
95823
73336
58429
55341
11724
64782
32098
82137
40663
55016
97070
34094
46629
72482
81282
71903
93437
88621
31355
2764
27071
22907
15005
94184
32397
9481
57587
80097
27940
45565
72063
74531
70143
56288
50135
58483
86452
1972
64102
65377
67535
38352
71270
44419
93376
33848
74627
53637
55486
78908
41015
86629
88049
99409
86724
93417
21758
42774
56080
19840
38621
92977
58023
72880
46930
69195
38749
13953
51568
20126
65235
21771
40083
78415
69348
35567
71286
47125
33702
41162
91292
53209
39894
33814
76816
56644
91728
18273
19428
89494
76048
8089
78355
7615
28711
91589
49244
89140
82971
12268
84800
30539
94473
71146
73078
58082
2402
18723
82977
71614
54537
79255
90181
78773
36425
88720
91896
83138
38015
99867
27196
74927
38366
65887
31983
1467
53950
21770
99450
92702
56816
17242
484
9060
76476
15375
46013
349
33384
30837
92611
84098
91882
32428
86850
88685
63566
44786
97373
75311
35255
91585
30596
90899
63947
73498
56257
30191
25558
34136
11905
97059
76604
74278
70462
34335
69147
91745
19931
79339
15146
41057
16438
67527
84265
28762
74822
95786
85728
86478
47349
38068
21464
41332
94259
