10000
41736
14545
19334
43316
66424
59540
54342
42780
60722
25406
3588
305
16625
54991
43978
34372
46318
31068
5189
32442
25210
48744
11951
21418
33353
40450
40656
11961
46530
34215
41361
53090
13406
9937
17878
21875
25956
40083
27445
63059
11316
27385
35707
14012
27756
42579
14811
62827
50232
2181
43034
34426
55994
47731
49141
21093
21767
14167
22252
10823
65752
47672
16887
64073
52603
12665
27459
53562
3156
33446
49654
61845
58880
2979
12122
18462
24132
38295
20736
32546
32331
3910
55000
55167
2134
27355
59374
8707
53358
20000
210
46585
16928
66
43071
12069
3946
29957
13231
9115
39723
30352
26080
45914
12703
16324
10936
27328
60142
1642
31947
49148
10289
3778
33368
17351
331
27614
23004
26256
20796
18187
7574
7147
4839
29224
54799
40237
49448
47450
2087
62366
50405
3125
39285
25962
48899
32036
38209
9036
27148
16177
12639
47357
29967
53635
40723
42380
8903
51958
25079
18824
26467
29185
38252
4080
27909
42863
14481
54930
13892
31348
56710
66389
66248
14198
30462
8261
24323
46556
18778
28282
36635
41815
55551
37390
20239
26399
25066
42796
12234
41320
66637
9717
59374
56290
1990
59125
13347
25049
45064
4001
11235
6545
47639
49755
28846
28023
6639
37529
21219
60236
772
18189
38155
33977
14308
42047
60527
53536
62561
55498
968
35086
32557
21693
60515
38950
7406
53723
51174
8119
8261
46691
48121
4179
3465
15881
11103
66049
20685
32898
65039
54429
63401
66791
61345
56426
39378
20308
25223
35580
51528
31321
50363
33514
58664
30665
35225
66338
4366
4323
48411
34373
15685
7126
30682
21051
23538
57989
22412
30266
48728
14578
54498
6322
29301
24451
22471
24677
30408
60099
55548
27955
33179
12676
59329
2626
48840
61122
24878
14545
10113
27273
50496
23260
22298
36389
35671
2720
39983
43735
57929
11868
63783
33103
62051
32629
42640
5400
59651
17613
42567
24028
65738
64243
57676
19178
19996
63615
12995
2736
16654
57030
43348
8344
34903
12910
50943
58123
289
58434
50934
12674
66398
53280
28818
5656
40107
38355
18571
66714
13441
49078
26650
45946
50017
9842
3167
22875
65901
56715
51515
59674
29576
10193
21522
46800
61713
675
34507
1304
40727
34357
28910
508
49270
25283
20218
24162
66743
12395
1481
26475
33160
3655
13526
39791
59999
29785
28684
13699
1180
30760
15100
11048
29270
3076
57627
26935
8635
37273
19121
40175
66163
6250
1044
44641
19501
61019
6194
31142
21479
38105
26577
14166
19065
50013
54749
10157
2500
21857
38839
25202
66320
23445
18912
56179
20098
41235
51756
32940
18658
6327
53986
62586
1616
382
41978
30443
53139
32747
15092
6980
20668
27206
62581
26923
50749
8468
51412
1536
60953
3085
1128
34489
7620
26665
14517
3302
55666
10429
45805
45872
17643
58132
57308
36950
28687
2197
41246
65987
1172
5891
27921
22096
49534
29384
5899
49925
7411
32076
33921
17824
63069
23123
14499
10925
49881
4778
60137
54735
62369
49499
1360
41713
59870
33256
3415
31364
46705
48154
21165
58752
62062
3113
22238
46117
29257
62431
57148
10094
51008
49129
34878
3438
49203
33961
30135
63771
33575
14036
35484
33483
38324
24233
52079
57994
50069
874
55213
16362
26912
2507
33768
46276
36916
5834
4143
35436
35215
11671
52719
50468
53571
41512
6089
38686
48982
61665
2167
25143
4830
33794
32946
42260
55582
57910
10173
11181
15901
47951
41484
44903
58113
40699
59781
58236
18635
6535
30362
60580
31761
9026
23528
46368
12538
21835
32326
45250
48492
44629
25295
56026
59391
27241
23808
12690
9397
42665
28255
23694
26722
44628
53205
4260
29115
38882
2078
22010
61677
60542
29211
2331
19385
15614
1326
53711
52203
13450
11132
3492
34828
7368
40658
19196
22069
19410
51687
56889
28726
23471
114
12165
4761
9863
62700
52168
1429
26892
49435
48527
46776
53262
7737
42558
52923
32384
56964
19359
53716
16594
49835
14513
46840
21591
13124
24760
40549
32752
40929
45159
8210
40178
1688
7162
28608
43830
2850
2230
11429
52294
2639
44636
23581
62319
36714
29204
7982
3512
4072
25162
578
34932
24335
42757
19804
66498
30964
48597
10915
1218
25632
53755
11872
58115
34153
51072
62843
48619
63281
1370
24679
43411
42248
51490
61797
31567
12090
7065
52813
32767
19570
18990
15019
20594
14827
44631
52858
24566
16132
39193
1253
10940
52085
26017
12187
57832
52027
29720
8726
54986
4486
16037
13838
952
2668
59343
44912
57463
26111
45026
5568
34064
39320
705
51092
15992
42839
57393
26856
52187
33843
64316
10129
16721
18312
16811
33428
57293
20578
3877
13311
4680
53293
45024
45111
44872
44064
62116
37082
11521
20476
53424
3076
58551
66476
8241
52225
21461
2982
25616
28462
4200
37675
27722
9675
61003
47429
10373
47571
14174
60185
19391
29258
33234
14600
54853
21628
47841
45693
4
17808
57160
6862
7734
54320
51285
23488
62052
19431
27250
41898
43440
48493
24595
47333
64101
25121
50008
14463
14957
48774
22853
48930
56652
51687
17086
41926
57286
46226
37466
44867
25015
47937
28821
21209
32129
5143
6949
59314
50661
29008
44181
42645
1011
46205
3888
59291
46694
36335
49442
45359
50477
60405
56160
45979
30908
52601
49619
11160
14413
19391
16870
25322
30397
65536
2710
33787
11422
57561
16052
42151
18445
9309
55393
23032
35862
49104
46833
17448
49396
9989
65740
50143
39180
63531
28697
24853
58421
23147
47756
40636
56468
15218
33360
11177
53036
45141
18779
29470
10467
13260
33195
25305
37027
1954
15220
15046
45469
47927
16891
26807
21269
28986
64069
66368
44702
21809
13517
44866
36027
10955
18493
49328
62826
32101
54231
36741
44617
6312
11270
24481
5899
61213
26748
64739
63549
47887
24804
58029
25500
9619
55857
59777
53466
934
4286
65
57083
59822
41639
44532
18399
49327
38395
51052
8415
2349
28611
1205
35019
22907
17382
37711
51587
11338
65808
6484
48938
56197
24769
37616
6066
3870
62432
11798
31447
48479
38452
21850
55072
7508
5695
33683
27105
8814
54037
20187
14160
35814
32911
26821
28364
23325
35284
47585
59419
50282
40737
58675
59379
3997
15431
20251
32495
33289
11956
41315
31662
28145
65999
4175
64232
8408
29675
12075
47045
13663
66545
42785
10994
19112
32750
53337
64327
10594
32765
29186
25510
29656
38771
19027
2430
44980
40887
16692
39440
4446
62828
31666
39876
23564
17103
54480
51064
5045
6809
25823
54329
24634
35259
51675
4243
26707
46606
42103
23282
4301
36944
45132
14821
4811
54455
66479
22103
42905
13533
61753
12963
10467
57867
25331
50757
25106
20507
17066
10781
28177
9964
48555
11010
59173
23252
53098
12883
53071
8875
3858
45813
39751
55444
49738
12164
34117
4827
23881
61141
24530
24127
52235
30647
26478
3149
22092
16389
45591
39630
12754
45374
35981
45803
8867
13980
15686
6347
51819
47848
14226
44901
50809
8604
25571
2479
34660
12128
46734
51542
52078
29333
1084
22975
503
57849
5082
47575
51579
22530
7579
43558
33662
48022
54545
45698
40863
45087
15389
28197
62363
38451
11065
48245
20871
52848
46819
39256
60182
64842
58570
15969
28184
66685
14755
16594
31693
6454
23606
47677
45875
675
35672
34611
20651
62585
58051
42433
54830
38264
15089
1877
63662
61813
36310
54583
26346
3484
55218
63260
27637
57476
24220
9096
39865
65111
60022
11101
28028
2255
28928
7481
44432
51694
44943
57897
18578
36959
39170
26210
63788
48101
21873
42654
31194
47752
34496
24940
21721
10760
61182
22986
58374
17582
28971
35518
62034
1988
39376
35390
55
9024
55639
53460
39869
36681
20869
18503
28144
19469
15213
22873
66435
11444
5276
39217
6139
48089
50602
46684
12870
58303
16505
38640
43805
43245
62759
7002
38947
55438
33638
43589
59402
37861
42311
21216
12048
6867
28586
14519
8029
28282
25400
44091
47039
49872
51570
36109
11301
52642
35234
36827
57589
13133
31585
11923
39328
43766
14023
27060
53232
9231
53295
21121
63356
15810
21471
59813
17271
16747
42984
7038
29364
18856
20994
2039
34001
37422
23518
1427
8473
32187
5862
5005
13636
9820
61698
10712
54956
703
63784
30499
51155
16985
40930
35051
37620
6628
11253
51485
23991
999
62058
12870
34993
386
26670
36104
61161
53024
38008
57680
51440
20305
43519
28448
62027
63236
65250
43530
51527
60088
8308
41811
17472
51728
61111
62150
62684
20889
54396
45426
2054
615
7314
12275
24711
51110
51758
52332
61094
61557
29729
56663
47947
37092
14972
38767
34992
11416
42542
39487
5348
28826
55365
42611
60847
39781
52000
50375
53543
65306
46391
30450
33771
16729
5481
52522
54494
21956
28099
28906
61456
48445
22007
49000
11891
26887
27559
42333
10660
56893
62465
948
17313
40773
54343
66233
34976
31790
55448
3203
61776
50397
41632
21787
16400
42755
5129
1086
60276
24558
60669
31782
64754
52695
19114
40131
50094
42959
9358
17299
64266
51546
30038
31552
20744
60469
18739
42786
16600
18618
12626
36780
61613
34187
55276
43230
40142
66033
50494
27488
2094
53337
2342
32214
42042
34745
44725
47959
30023
3949
65676
59919
57871
6360
65688
7204
31644
5821
19145
65549
4312
44875
34921
39579
28585
24194
24765
55106
22070
10851
65001
36208
33843
48692
24595
29925
12762
13276
9140
37554
46154
16563
7204
39265
64282
9314
16575
48225
47887
27699
59621
43850
31122
21657
4645
41626
37506
52890
58874
15137
20849
29091
15767
33596
5927
44973
59936
40687
51226
42073
7029
7272
57261
49082
24547
55505
16773
30531
52740
10521
61032
1604
38388
7586
55133
55585
12731
4332
40127
39239
54913
4014
61224
8757
39996
31299
18357
39666
1249
6026
51528
32697
22996
44002
37209
24166
66544
2976
17111
11254
36752
45690
19938
56616
42324
62450
30851
27265
11297
49241
31535
39968
3454
52185
13887
24892
15857
5152
43298
31011
30417
20852
21664
17651
46152
15168
46842
19806
26908
64553
13913
12125
42271
23284
53515
30605
31958
18547
43100
7515
56910
58529
59037
27972
16260
34489
5488
8717
27626
41971
11590
1906
23574
39376
49677
17285
25220
10195
3314
16815
307
35759
32997
14316
34427
46092
27461
59520
65244
30804
42709
27284
5910
32905
65390
19628
29708
17935
59363
17230
26456
50707
6203
38389
28599
62365
11804
8071
5070
4083
40182
40545
4024
66933
2973
58248
12059
51603
41900
23595
53175
34285
12022
53243
48281
59521
53748
59393
9875
31695
40247
125
61078
47081
18131
6596
35711
33342
44395
30140
27519
1533
2806
9146
8628
36680
62198
40205
23534
19407
51748
35591
9847
31178
55326
46999
25799
54577
4857
15131
60871
60070
54658
20488
43331
25707
11039
43241
47747
40743
9141
19443
50385
4843
46010
19261
57425
21641
3949
58785
27449
30388
2725
21929
6653
18252
40695
8242
7804
31179
6259
36881
43525
1050
54192
4959
47254
66734
440
66672
12189
44100
30546
31814
55888
20913
27798
1312
63458
41502
18817
54836
40134
7051
5919
35502
23105
19235
45317
62290
60586
64929
54601
42607
56204
66757
59588
37088
25523
47205
42948
21523
46681
47744
58615
66879
23818
60780
6820
52447
50940
58015
34776
26803
48424
66610
61026
62239
50252
62614
3
17713
64871
34011
11360
46704
40544
64106
59280
34202
53807
10963
6570
3169
20342
56750
47480
19293
3819
50530
51253
15303
7286
42237
64138
64490
48695
15208
50408
65792
31577
188
6461
9982
55006
14922
47967
32876
16541
17987
17575
60401
63867
64751
15477
11239
54933
61854
52620
40949
35000
50338
36096
64790
60624
16334
4287
59858
20191
37453
10997
44466
12685
45645
66712
59207
64891
36521
19540
63437
51899
21674
65102
62894
51942
42137
21047
56193
20509
37856
35256
39669
36363
10953
35664
6289
14011
52215
53654
40495
40612
36973
33968
20936
66763
35520
52229
49476
58228
47748
45065
9428
48548
23068
4715
41213
2800
7252
4077
65672
16584
14440
57249
63278
49540
3047
31225
48859
51833
34080
55820
13089
58077
57355
56456
61191
18225
61429
66775
23163
24093
34483
40370
46607
43330
53706
6631
13239
1666
5126
4612
37046
40376
47561
3604
35299
25755
55737
59161
35552
55050
15620
61632
9018
53930
3355
19905
33459
52298
29871
53118
21439
27505
4570
49021
58183
58671
62500
63958
49692
39750
52891
3441
11995
60384
38800
54732
46283
61540
28101
53546
14798
5439
2831
7913
63556
121
64953
38416
60990
46555
51826
50397
34840
1593
9298
14097
28739
61018
41968
26369
63850
13289
22579
37060
57169
35116
63893
26433
3211
32771
33702
56803
27991
19644
49466
54352
52054
35074
50803
7434
19650
40836
21187
27483
2675
28734
19279
41506
5596
41130
54931
29117
17459
5239
38727
47547
6849
21910
62231
308
3107
56603
11931
36434
22155
49269
35318
39391
59916
44816
9569
41080
39550
9758
61432
8968
15435
50707
11961
24466
31193
5180
30635
39895
13505
27079
6823
47874
28327
32730
9046
25831
16996
49150
44253
61283
27012
4471
21925
27333
46176
35136
18979
27409
7554
1817
61992
55302
8171
24332
47091
9056
3
1690
8641
23915
26477
48199
41446
14486
34497
40715
9958
34246
38606
43116
9882
56494
15590
33983
49295
8439
29724
63718
18990
12077
39163
48842
39303
51790
27486
29313
35950
18125
19593
2742
25603
48672
58154
49047
21578
35723
48562
39084
52759
64697
1200
63434
51258
63120
33868
24994
65050
3639
13029
62215
54122
32936
33317
42344
25566
39089
37733
3152
41089
18668
9675
62577
44777
18212
18501
60879
59514
41919
57938
39597
11928
38291
57175
4528
24119
13931
12610
18895
35972
20862
47773
42646
7964
65687
22389
21965
17373
39032
18370
10598
3137
47102
50573
24361
57229
66897
28281
54406
15966
48943
45712
43084
60340
26068
58799
46197
19039
15822
56147
34166
60258
6963
58720
55242
48438
2401
37699
63573
32854
47723
5257
14675
36377
37938
7284
66328
63470
62271
50783
53844
13380
51725
3331
38716
10497
63365
62992
3113
24240
36091
56596
3360
16665
6297
48695
61511
2231
52087
57117
20396
19943
54114
13012
66393
26016
57653
57522
53135
21056
15021
45045
7407
60977
46877
49524
47468
7519
21170
41834
25123
25949
60656
41607
54886
65163
48142
47410
49879
13242
36369
35619
364
11882
10747
61496
11915
5218
35090
58241
32538
20393
18461
65568
27289
47783
21729
49723
13393
18111
56709
18735
21102
27211
63447
22762
4476
22615
60373
24616
2138
51051
4940
13298
60570
4277
65392
57237
1574
295
32624
55223
60651
57958
24146
16750
35503
37099
6106
6939
19682
60119
45398
42717
58388
37543
42749
11747
35629
53336
62631
44117
45816
38529
21679
56353
61472
19749
65260
58442
4982
46032
5484
30236
23495
62365
20772
2287
1458
39351
27360
49922
52800
55814
56694
23581
38110
39979
56684
12438
18796
32002
7083
27197
21517
23611
29934
58530
19277
42942
21046
24926
56620
43695
26895
43966
25087
17693
54570
44113
35154
5717
57257
39911
17086
3603
1489
27586
23681
61488
39951
32447
10930
10032
49592
45825
51839
31845
589
65459
155
5275
24182
7122
58576
49388
24425
3275
4290
61830
31438
22668
1545
9077
33269
65605
55965
55053
50838
54824
2867
62342
51125
34546
34002
24937
63736
34820
32875
8161
17852
30710
16306
20283
37082
10648
33928
45872
49997
39567
57146
23108
47227
10773
35508
41461
54041
59203
45712
18310
29063
62732
62315
50065
37346
61537
3299
63504
24465
18019
28616
9034
276
31630
60744
11159
13911
56281
28859
50850
31884
31650
52531
3178
14930
33911
40380
23703
43425
17253
45656
55749
18961
31940
42366
65994
38453
58783
24208
7912
5613
59805
18346
12497
4158
55331
47880
43114
2546
43810
25059
59547
3815
33018
55139
56810
57591
54037
21281
46944
65078
42781
31787
36092
36020
14548
48997
36524
62038
53749
57795
56403
30992
1042
55606
28860
55564
31576
7251
24317
28400
32896
27715
17434
53471
61255
39905
49144
48882
43119
61644
36983
27939
9071
60700
37941
37630
36092
39235
50266
51951
54541
63848
10986
54845
38554
4108
31197
35757
757
24060
42010
28767
48328
62600
3860
12828
16408
14087
49211
27667
14424
39178
25589
37218
62562
35173
45497
20983
52146
20943
55356
5982
54014
24439
40449
30482
11613
33562
27621
41830
31800
65357
66159
17946
53621
9385
19436
4929
54439
1954
46916
59555
11838
4253
22781
9382
41389
37132
55995
4122
40587
33763
59866
57973
17473
27650
22409
9070
66554
32664
60433
43526
36926
7286
52290
51450
54591
11155
57077
12263
43378
55936
6313
13939
22994
64966
11513
45041
4655
26023
58904
58182
48323
59120
22686
21329
45821
1429
30833
19459
18461
2220
20553
15207
25699
22916
26801
35681
15819
35212
52535
55586
65427
62817
57779
41484
60371
16516
26685
52525
40306
2300
54565
38546
38498
15411
17563
54132
44245
60809
1109
50289
50285
32179
63542
33674
65461
6808
7192
45414
36637
10393
33224
24788
23954
19397
22358
31320
17047
8230
51410
39208
47823
61257
16466
8679
62447
45054
16749
22312
8230
21582
27031
41542
29695
53834
20076
66731
25960
6165
14160
3562
33701
36331
28117
22863
33916
13380
24951
4961
6061
18802
18654
65973
42375
47980
27544
60048
3722
20055
55676
62754
2548
3154
55756
7046
14365
19821
14049
51367
6757
34605
392
55125
14150
27335
15365
15141
63899
40407
4601
39877
25515
17945
365
44224
48884
30972
26718
30488
60686
13398
60509
63469
44512
56224
973
4516
19224
63379
4851
4311
19824
55069
34036
8910
21969
9774
39765
43884
3405
58087
25581
8941
3561
42667
17697
27228
46156
36017
62050
5096
10995
23797
28046
66837
48238
27385
28715
44381
61553
27979
65759
31888
64859
8607
4773
19312
38617
16560
29996
64382
39144
66714
48997
41331
31234
49540
40139
32924
2925
49499
50076
46351
37012
57986
3773
23839
543
19329
26766
26848
34077
57819
459
41182
56736
55807
15752
28084
64713
58175
51939
53436
32746
32335
27786
10368
43111
53207
15178
60942
10167
40641
52443
60561
61986
61795
59338
18374
31904
39755
25677
59993
38845
50100
15293
36154
52421
11113
61126
35217
36807
60533
44768
15296
48620
52426
42647
39923
24542
17297
2841
1478
10850
52338
37077
23445
1385
33316
60266
27035
8446
56518
9836
41078
11482
45133
34815
26786
51288
43430
16210
53685
63616
55048
47312
35955
3333
43148
52377
19959
13414
23389
9438
30650
1371
52846
25053
26833
52152
8668
31493
10835
37557
13394
37713
28580
51213
640
48856
13880
1526
32059
62526
37943
60578
912
63299
39927
21153
42492
14716
39034
58405
15860
6489
7825
65144
17177
2459
6125
1699
33167
18290
23276
26232
42317
42013
4128
16853
42075
4650
8120
47682
4123
41076
22777
23565
30973
32837
57180
59449
21165
35254
54927
15205
19020
53947
51568
14278
17930
64337
17833
60916
24872
5983
12142
42198
43271
29261
13034
35228
8129
10482
65358
23659
18110
39391
44745
26542
40686
60142
27579
25327
13935
63214
31043
32835
58315
16583
49613
31884
22350
17536
42256
13927
47344
20392
5689
48840
2810
50435
24383
7908
46258
26855
18841
61045
6781
2078
49165
46447
35930
49881
2274
15200
12934
14921
7730
60160
18546
31968
49945
27485
65196
66111
57682
45482
16182
2753
63333
11
4372
12009
61961
10664
19545
43852
35516
40807
9448
21550
24934
10731
6175
58274
56237
8174
10161
45764
42469
44817
16700
63839
66806
23483
60797
10884
30003
30747
24518
44231
56478
18731
52408
64194
51295
52993
57588
41213
567
676
15732
55887
18478
31489
40413
23655
62867
7443
42478
52089
18434
31642
10332
49033
56228
56370
44440
11773
17150
8942
8879
21146
50105
39102
18726
680
46167
7270
53231
36176
21941
24304
63540
29957
64677
65352
38735
16936
34957
19940
58069
42819
9232
25512
6290
3236
32317
65774
50799
39900
43605
15716
16492
41050
57285
11411
25517
32328
51721
2634
58868
47451
54578
2594
32820
13209
51493
56581
20858
34737
55351
26138
13594
61578
4577
14134
44122
48180
4843
38756
10237
17071
30957
26838
48295
12671
4254
20234
52552
16027
51424
29919
65687
50106
6606
54678
17746
66476
55162
57477
28078
65259
22399
34759
28655
55341
35975
22390
2386
6970
44096
16648
56103
38822
19032
64600
15329
21533
38132
27156
39936
64436
35053
47525
17270
57741
48027
5956
9014
25068
65735
18717
24892
57669
25606
23213
28964
36733
46184
62612
13103
38590
28508
3170
17402
49220
30649
56594
10090
64970
13047
11662
5617
11087
29094
62254
31074
5402
61913
2643
14975
46435
59806
1047
7519
62603
23994
61476
52518
54178
11980
49754
48020
21736
44043
43610
52212
25368
1031
40454
17089
24993
21236
63273
21070
29273
7526
53520
13301
2975
55478
7472
52598
24622
3080
31775
56077
48133
30838
16263
18761
36519
6194
23953
22893
7032
14783
65087
48531
39845
36791
9733
16470
57029
35499
2113
11446
48561
3559
49300
25230
62586
6695
63890
62947
61304
14949
13025
53466
42925
65452
27801
33242
9538
15216
29828
28458
9521
46322
29200
9313
38999
21861
12422
2008
4810
30305
8086
25217
46131
58883
65242
39942
3069
46191
57362
30107
59906
53305
3573
22490
52424
39868
21508
38568
59089
7453
39371
65443
44423
23466
60636
18622
34729
7793
19601
47066
42907
15550
22435
24455
58862
11470
35656
13540
51401
26935
8555
37029
24606
41793
55866
7532
61551
30170
2821
43429
25243
24892
36977
18408
63131
59119
49506
5935
46240
48130
19625
36932
42570
29253
24374
13918
62268
35153
10038
55399
20082
25588
44562
21688
39922
55479
18100
62774
51521
41102
54509
2407
64022
21955
13638
36104
27922
612
65884
1229
11857
25639
21884
5262
19253
48141
52077
20313
17075
31116
43149
44199
62158
30727
51389
19022
2236
64832
28538
55687
54091
24249
54857
4655
8063
60247
30760
39112
53432
23968
36534
66622
64347
50277
10188
1651
33644
37642
42977
22243
26857
61534
32953
25619
66174
24574
34455
18417
38638
35249
51493
15979
30391
21111
25884
40807
39157
21643
51093
45076
39116
59666
27002
27920
53070
16375
59
41002
62333
33852
27716
25895
44375
19800
33343
12530
52932
49569
2233
44223
24940
33859
11399
39668
34031
42411
45282
579
50221
58761
42225
45090
5733
14922
37051
29943
54802
64224
1379
5930
34480
9703
6075
923
16935
21770
20975
20120
44944
62008
44472
47308
21177
47135
39713
35526
56209
9043
36850
38996
18907
12448
13787
27718
29903
41709
44951
25473
17630
52949
20635
37028
57005
63879
37913
44421
29090
41783
32233
41122
11104
24922
56088
21008
283
53762
32508
29576
41309
17584
22331
60776
22502
66442
31297
65606
51693
15088
40045
53812
54197
54909
58295
58495
8623
65455
19194
34408
16990
39250
64571
26688
46410
44586
21769
50487
37035
33085
61514
33096
24537
25548
35933
54040
31864
63687
63694
8183
50685
58858
63893
31131
40142
38239
9165
3116
47859
42234
39077
43179
44083
26720
53322
59989
46685
43333
65496
16386
57914
27948
62773
27808
29061
60813
41112
15701
17219
15986
52605
48384
44656
51457
20103
10114
26278
34723
62512
66339
51773
17105
4022
7790
43710
20535
12618
22996
21639
12886
10069
43999
51947
57106
37282
41722
37893
53990
44133
38169
26529
21390
45304
53683
54981
42432
9442
14808
16915
65447
25629
10057
47506
44251
43073
37245
48766
49454
47163
28817
50121
53771
61502
52334
16102
38310
8173
32057
12864
31446
62130
19473
2772
60529
43766
6659
28901
59328
28785
62124
52376
12174
52332
38313
63233
18010
8954
64520
30257
53518
41789
46956
48756
6405
6954
66246
39816
19253
43726
44294
5169
47102
51653
2281
30615
2548
41726
46834
64875
42976
4849
51659
29139
45217
25353
29870
22261
26863
5644
43471
2918
17567
52261
29330
12614
7351
13531
25934
21484
41745
47272
33857
43519
964
7869
40972
25401
16975
25561
56923
24237
66243
61087
57826
52887
27800
43091
29337
36029
50443
24871
74
39728
8679
35918
21497
60893
29590
57670
11294
46121
9363
16182
56116
2885
15290
60505
45847
1388
3447
38581
11956
8038
28238
59226
66866
65415
51382
26568
42565
46306
48811
47597
1236
54033
38319
65476
18994
38456
11263
5953
35568
56600
46063
46156
24902
27635
19531
13100
14149
30584
16460
28562
17360
29690
11273
43873
53816
1841
45169
28272
13959
5498
38398
19030
48374
21624
19153
44055
54490
38666
44442
12912
66011
46345
6469
31329
40620
14926
66967
10921
15611
4717
15048
64929
44647
14759
17355
34697
57249
7203
53262
28538
31355
18561
31849
14387
57860
18144
44266
43361
60053
40714
42472
58422
44738
34732
1855
15427
22486
53537
49370
50630
30028
14514
56789
48203
56415
50384
17718
35701
12949
54470
34979
37155
47059
39428
55618
57822
5079
52523
32578
45157
32838
26188
33119
30972
45727
12277
60321
52047
28110
29187
12718
30201
33189
31789
62801
9333
15487
41383
29624
57936
65479
40088
30433
2799
35913
25466
8351
38716
62516
13936
27142
66599
53712
29398
54524
59359
38855
25702
36464
38925
23589
13063
5721
16949
22290
39935
24505
24834
13369
45083
65002
53572
46841
53009
27982
15379
52387
34934
5269
10980
13112
41029
63510
56886
12806
60994
53370
27811
25965
66365
26613
30280
4271
42335
36782
1009
56360
61138
13328
59892
41625
52069
39444
603
51274
18249
37465
12738
63260
46549
61213
9841
18357
50426
46345
15365
44443
56831
16461
13370
42890
52718
46005
28611
65479
36373
45862
8492
34796
58293
17455
6683
37687
60845
2663
49226
46051
1837
48772
29721
9855
48531
61873
23010
33933
63359
59868
25218
346
26326
47568
17783
53582
55670
63108
18065
44903
23583
47627
38300
46691
65023
14875
48824
28532
61759
63265
30493
22967
64287
42134
16004
23292
54517
59277
22063
32050
34906
23555
45342
66700
58953
55354
504
27233
20237
8920
50481
49529
21060
49391
3999
11737
44260
63354
300
13789
39830
17728
48766
63587
30043
7193
13090
51209
24109
6190
30720
10310
8555
39432
63329
27320
21420
62668
26485
13253
21036
878
4636
48548
34862
9628
33588
53041
39896
39892
53852
36150
44080
21525
60468
28895
39084
866
5600
24838
46709
43699
51507
32310
950
48530
15888
15476
8109
65058
21118
4155
9282
51748
49947
16299
13919
43127
1954
23979
13619
11431
46146
26093
56157
15423
44411
26590
24925
57233
63718
19728
8191
48969
9382
43550
64369
61387
18805
29069
54716
1725
46167
17647
2537
65674
16332
50877
37155
30746
7236
62153
19506
4400
66926
9264
29718
17625
65670
2231
52454
22379
56252
29260
1353
26064
20865
50930
10933
49804
32940
1839
62920
3761
39042
44852
1411
27465
4109
63552
16186
12144
52028
61987
66387
64728
23341
59800
45529
9621
41499
55189
12725
3963
40274
46895
51940
49593
51803
4196
64614
22257
48473
16441
8695
7794
19113
37362
21010
13556
42363
13345
39282
35502
37768
573
27453
43809
53930
47666
26250
41322
31930
16868
10117
33364
34850
6620
30061
58934
46917
4980
6298
14756
16938
25498
47924
20867
31043
1968
4061
25273
14172
8911
21136
40148
14277
18288
44457
45012
2641
12358
50797
52515
7250
581
2333
38024
47812
25891
33917
37085
29918
11482
41833
23083
21571
18625
26499
27144
46963
49021
58989
42910
6161
11392
35981
39819
65123
64977
53271
28880
34111
16585
3455
9965
44600
52114
61468
52839
21552
53908
36759
14140
55854
8814
62425
49116
60516
49473
20280
18429
9443
63390
56746
5302
41456
42861
22384
54668
64022
9051
36765
59109
29336
42246
14688
19087
29388
43883
21902
66553
48513
65332
49667
10106
7175
11476
39805
47710
54919
39683
39499
10883
19527
20350
14102
65455
5263
6437
56805
55181
14100
31792
56548
18259
44258
23847
14705
39167
4793
38800
38486
16641
22828
56203
37820
14781
26072
35499
39807
38121
57197
65131
5054
38753
48436
16277
33090
40861
5071
22789
54377
32327
28080
882
34234
50826
32133
11020
9453
10678
7203
45563
21466
60600
663
18898
53867
12087
5615
33353
36400
59616
8553
37086
2473
6067
25723
50369
62573
37784
27653
34287
42486
64756
5506
54989
52059
47048
41061
30065
21910
16056
5481
33674
51597
57088
37596
54141
43986
58477
7160
52983
21061
44011
41554
48161
4469
30081
41320
12227
30838
32250
35194
53432
66985
51600
47758
33189
25794
26991
23560
29638
41012
2778
20788
63297
47094
11642
38909
2427
52316
55103
12391
3761
56433
4298
41201
37443
38155
40507
13211
14334
15531
36163
58495
38412
38566
53501
33089
9451
2606
19517
39096
36645
7802
16899
60448
21374
36325
59959
38883
17926
61581
61343
29297
30634
35
30053
13362
56594
16647
65131
21515
34023
35406
40847
30420
28078
41002
37733
62681
18749
48979
1478
46457
44201
19554
32826
9523
34577
14529
11721
24690
58032
49134
10818
53199
6492
47041
26798
53436
23518
58199
41833
19101
2772
34383
54802
47288
57112
28893
31076
21832
49528
45405
28045
63077
378
11130
65175
54372
48549
31038
43863
12333
62734
21616
35594
46146
18933
38945
6353
41063
46192
65656
51278
11556
51559
32363
54669
41306
7893
17406
45108
17609
53429
5662
1416
11493
7714
52506
49797
60493
47434
43725
39028
6873
31841
54765
48718
15296
20709
60430
54242
3420
15517
47655
48364
36977
31032
46347
34877
21325
7858
12724
54468
10149
15880
46582
60406
19515
61910
46997
23297
27281
40306
55928
29880
8943
63109
12839
49423
66717
52198
46570
60357
6657
22612
28233
22762
62267
62671
17367
13209
31315
2774
21920
60229
58686
21369
6536
47784
64816
7635
14494
60271
37714
20378
15465
62229
58238
37172
44234
5132
11753
46767
22067
46461
63171
22959
36030
65816
10598
17992
60807
42021
14395
10522
66230
33735
27748
54828
52314
13790
13175
45559
21642
15163
22502
9946
1397
30074
33875
41235
40484
41451
57306
15216
27966
49688
20383
991
11872
28417
11077
33032
44182
35860
54220
18059
57969
23022
7897
60903
12229
42283
41416
12184
43379
28645
60300
44207
59225
34510
14828
54268
15381
5557
32475
28236
31777
7794
2219
33485
54010
3999
40993
1021
3940
23196
11978
65668
42350
4006
5011
54175
60927
15322
32428
66098
54934
44867
55415
15686
43721
38183
34576
56845
38200
47525
55703
13394
47285
61736
20937
28500
56036
951
32397
41415
62409
14876
63834
59769
16853
3525
9577
59235
20200
37367
47593
47249
66307
44363
57454
7381
1786
43943
32344
13874
13569
14948
48671
55620
28583
47279
17525
1217
5254
41677
32891
12856
6783
27185
21706
41702
51864
26560
48941
57220
58025
48699
19011
32058
13848
3705
18004
35544
54855
12870
38741
33618
48491
19821
49378
34397
43280
6910
25685
43465
1657
44027
4150
4077
21258
44253
41364
1893
28854
65456
20792
49507
62516
36022
11000
32874
1117
50997
44050
24391
55817
60215
20490
17772
14419
10174
45757
53513
946
1076
26139
50906
1315
39456
60312
11255
60462
66266
45411
14449
2297
5702
43464
49726
43650
26084
1787
4703
11314
58900
1128
21348
1581
29457
12916
37070
52583
6522
2402
60931
59000
57925
50853
25476
64094
58091
58904
7287
33431
53423
12961
65303
57552
16088
42398
64127
44763
5095
58489
24656
6449
65193
52598
3901
64792
49714
41799
63673
56412
21750
25508
29160
55271
7298
32916
54477
20293
46521
45808
2089
9879
55090
32934
14313
38424
55559
35729
59004
49103
38934
43089
9777
35975
47915
65456
35263
8980
31390
3193
39642
47375
7365
50096
46942
53246
23128
36733
11935
56267
38760
58040
66041
63592
41153
17486
60093
38496
15836
12650
59879
43992
47211
7356
14844
20387
26254
9851
10877
56621
52752
29533
19952
45416
19595
55391
23641
17369
48737
23562
24331
38066
5842
65799
41018
38448
58079
24610
27686
19993
40851
65251
38919
10747
17549
32335
65204
15476
30616
54046
60130
2611
37876
9339
2440
14242
4847
65175
22709
67
26926
64686
24638
64037
20197
63404
64760
30603
32653
62246
26387
51603
64258
10418
23766
3308
11883
36873
1235
66476
55734
12887
40289
29874
60394
2393
49534
30330
43712
37829
64357
64096
33043
43409
52635
51978
63644
49097
59483
22652
51480
37189
2359
45969
55769
44603
26901
35694
21717
33014
15581
58213
51731
32370
48840
64816
32259
21373
20244
18354
23369
39772
41757
54581
213
29245
52533
20457
2412
9322
7507
60160
35019
284
58077
62766
53209
42161
56
42757
25196
58495
1493
3577
25521
24578
6616
57999
30335
44983
31164
2408
18083
25072
32871
26911
24478
39520
26541
2402
26329
47495
45715
48170
65891
25644
5964
32715
26167
62283
21847
25055
47173
26676
23154
9856
53564
37524
63928
59035
25880
11154
18319
31370
47861
62516
2793
31854
34342
39677
23762
13104
20891
34188
53222
16696
55563
39910
41919
23436
28154
33711
52514
51518
32107
39414
63269
15588
55162
33776
30286
49116
61534
64975
61364
35680
46080
28194
58570
46344
16045
13693
19330
49198
44884
38968
30795
32168
5457
12921
52423
40028
16061
29041
50271
27180
62182
24324
28181
44619
16587
4592
12805
26199
557
62429
2293
44677
14444
30575
38682
62241
27855
26231
23650
19156
46760
12700
6155
1083
27846
25065
1832
1462
49941
36179
1058
55423
61503
53259
26827
43681
3408
48352
6970
6343
30692
50922
4442
1129
20527
57834
62278
23044
52393
9646
66469
57746
64267
37870
60115
10624
19561
8164
27600
41044
44697
4755
60408
24183
27269
42244
50341
31653
37429
50600
46300
1319
20748
10678
48223
24645
42323
38674
35084
64658
10680
7149
65970
33484
42057
60346
8132
38346
12610
27910
31506
2057
4760
15457
62309
49147
44153
18561
59908
21663
35825
58672
47684
66101
9295
34876
61105
37312
33356
39707
55828
13775
66499
14672
60671
13313
40708
34925
56545
22760
20630
64704
32981
55077
63525
53808
48930
29408
50052
38739
47574
2506
18751
28573
1964
7755
29800
37743
43029
57700
38198
51642
46624
9215
50885
34003
17901
52571
49282
13553
62798
17800
51133
15704
57444
16297
31421
56711
35582
44170
33087
24871
66259
10329
13268
24576
39883
14578
16363
18856
153
34432
29121
35096
47709
13734
6542
20683
22398
58432
42196
20167
26223
45626
15625
40918
8384
65667
60360
22122
54049
42322
37536
48986
8785
32200
58518
45566
2974
40640
55059
24220
58456
52049
60002
10217
50814
35462
7728
20548
12432
49291
46880
908
26722
106
23576
64860
65944
6691
13937
34780
23394
41431
26391
20924
13841
26703
21029
52396
46244
20629
19789
65466
51387
26062
54725
11842
23515
64939
59691
19289
52517
33795
51424
53783
50266
49217
29897
21649
25405
46200
9121
14405
2017
23910
11747
36364
3165
30660
48343
21337
9970
34053
55850
55472
2554
49770
32740
48293
60297
65995
17202
62426
63268
5374
57375
28338
30796
22807
34985
5119
5925
10004
28423
9382
16842
387
16369
35006
31711
57633
46204
49368
31216
39871
31739
7136
37718
44292
54846
45
24932
52883
41526
64484
35116
2675
47406
15334
36233
58412
32297
28589
42766
31274
42047
63488
52990
14551
45201
50472
18071
51113
40172
30986
48806
5606
64178
45210
65898
51041
32551
11322
63839
14276
36873
33615
24683
46711
4728
10914
6460
38742
7595
5290
15676
53025
13330
15083
59391
55469
3511
59233
46822
11661
10986
5177
54838
27029
12507
46469
61595
14857
57515
21839
22389
34390
45619
21200
59213
2907
60047
17334
21971
24233
46935
47844
36691
31740
60531
27298
639
60144
55265
16117
59900
27501
5452
35168
36562
13281
1583
7856
32000
54637
21351
26559
52946
24419
62830
10041
65818
17337
63119
42449
18022
24591
28210
23057
37526
10486
7262
46445
1839
51563
47364
35400
45938
41643
13264
13784
60497
55125
25420
6785
19588
62649
48746
50876
21003
54178
49079
49906
49948
64207
5205
19945
30029
44218
14176
37821
21189
56910
48098
12329
58973
49137
65059
65235
55671
40023
30581
44445
2177
33721
11121
57835
31545
36066
64118
48104
55209
53870
61572
12198
31779
65161
44452
39144
28028
7025
18265
37200
46500
63078
31245
1834
39659
3116
57076
61605
60116
38291
123
61548
35114
4228
39316
38790
49804
32154
40389
5727
64567
9167
35599
44698
48559
23966
61365
30482
24618
759
39052
32277
62132
40603
30544
60248
49523
58001
43592
60834
40398
2710
23680
53611
30966
50148
15544
61012
4314
29259
63151
8874
13395
36180
587
22553
42778
15363
26803
5965
40507
47208
14851
58809
1648
147
35212
11799
59664
5266
36085
64585
21101
38872
30095
32019
36602
45163
28777
60811
43064
19454
57479
56392
38807
58712
30173
30021
28511
43341
19223
66973
12915
42039
14425
40793
35787
11396
34585
37571
14162
56034
28936
15384
24267
20286
23225
24040
29261
16084
16913
65137
17177
25830
26228
29251
11884
20839
1720
32905
58104
48003
32502
58320
15629
54539
22976
34249
39416
59668
64367
6715
17717
10422
430
64356
8729
33593
38166
45727
41827
44776
12262
32787
43631
645
47473
32715
37165
60679
36552
8571
33555
61069
62971
4485
10893
24902
18877
20394
31214
16887
39076
22720
44342
26175
34885
55993
981
62443
10970
51084
3779
18602
60356
18386
61773
1919
24618
20275
52647
58391
36228
47187
27904
52786
65319
5947
51603
44296
39963
24933
37077
30147
1834
37029
51809
44826
8353
40037
59786
65958
22104
13035
58394
55816
13756
50620
34558
39079
53592
50194
17729
6927
17307
12992
32433
27687
62429
45324
37129
47462
41531
2703
61225
14953
12558
8698
41479
12602
13952
13666
35072
13782
49436
15933
12561
2476
58780
49263
45579
61007
15229
54381
1781
43940
46358
10337
14064
45154
57500
33291
39910
38534
45549
6919
40933
38485
52152
12227
54775
26390
22939
23283
38857
14998
17241
54626
26980
30784
62516
35190
7713
30096
65901
40928
59295
55799
9147
30982
44704
12099
22007
14867
64342
40515
57439
24983
59705
5956
55212
58215
11591
50202
10374
9250
41730
9729
28196
17759
35247
41831
30060
52787
15195
59219
62550
15012
55271
6440
15055
40113
55613
21653
44264
20404
63299
31525
47972
35104
17031
12011
8987
27498
26283
26639
66928
37421
44891
9847
55156
36488
41649
30573
46152
57086
2987
48740
54591
10033
65066
4385
12670
12461
56008
54123
48902
50798
66779
10575
55834
62789
5048
1902
34588
16017
51654
32528
30558
10439
10542
12400
18475
29339
47087
38664
66139
35430
15169
41733
23389
45935
37179
38536
7220
2584
44171
54158
21129
36447
51899
33104
1685
28966
34255
54472
52488
18462
20694
57737
34655
28766
47887
54738
10986
49997
27331
15525
16788
42800
62636
33871
17677
55324
5020
17059
39326
746
29744
212
29861
35388
54048
44943
10620
15891
10195
19083
46673
10463
8939
2168
42460
36941
42973
57454
6617
7823
36006
54670
23228
62821
19711
23207
66928
6332
34565
55851
10335
18300
11993
29417
51499
18959
56757
14720
24687
40253
32106
25520
50380
1551
49059
22662
15285
45492
61469
195
59750
65719
53093
16628
39328
48040
29338
21398
62560
40559
57559
28083
42802
824
43799
902
43086
50946
20815
62814
12656
59635
42527
30206
1925
43948
2514
52615
22174
27885
48969
47739
49007
37258
58507
26780
39328
33887
65703
29404
5751
65735
64068
40781
58025
54729
10659
43705
41898
8147
15890
44963
26291
33001
40053
37549
132
62161
21241
65360
33991
14173
26848
65974
32755
60755
40015
63845
9814
3137
14250
31569
54
50053
54419
22531
23663
63749
18467
19911
46116
12330
46451
49671
7921
16076
59190
32086
24912
65136
40903
1137
61599
52013
10812
19243
50910
1932
27103
17783
49609
48132
25646
43410
17522
43272
22541
41252
19537
7929
34037
22545
37492
27026
52113
17851
10491
26747
49208
4147
51084
6481
43550
62074
41294
27691
41836
19285
49508
10667
50054
15010
14936
64645
15244
36689
12286
60525
52167
44061
26336
832
36758
29849
34138
39879
47780
5732
64963
54262
45499
13705
32946
29950
26642
34448
17871
7203
1166
35412
62192
32871
50609
23988
24376
18611
10667
51336
7436
48160
61212
11642
45437
50316
50845
10540
19883
64407
18757
32107
61177
22967
32037
53845
47405
64130
64812
26033
65788
31197
64015
49191
65268
14984
22978
28087
3607
27037
65680
66318
31404
45694
47933
15116
43280
29823
1914
39958
9610
4702
37917
58177
28193
6817
18084
22850
32766
3994
31204
48770
22738
50298
38744
16621
12642
26420
27934
36835
27084
63962
55405
15146
58840
35609
3994
51380
31346
27874
51585
4399
40845
61506
52099
41389
13163
3617
22405
30206
21350
38904
28070
9856
23056
62676
12132
11662
6704
66996
61103
12766
41006
38293
60585
6086
23597
16590
19120
48449
61746
52521
51749
37436
35195
21916
33076
6358
20579
12447
56862
54607
40693
61879
66481
60860
65459
23418
17940
8568
45935
37083
50694
59599
27567
53543
11126
13694
58612
36278
34982
59012
27255
48361
66800
44047
24334
34738
28274
66875
66060
39391
10886
42251
17100
60869
35191
55087
5180
5570
49133
39517
58166
2841
50294
2959
61742
62502
53592
25552
51719
27086
31505
40690
16083
2542
65641
12885
33793
42592
46005
53476
55525
13344
58778
19652
51519
47630
13380
16831
29291
22794
8615
25587
24579
25646
14693
11936
47888
740
45709
27734
4001
678
2470
7004
14214
51023
32239
59269
40318
11955
37391
52611
52131
1634
8393
45485
6523
56280
66738
18687
66800
51434
26911
40668
11941
40241
39896
34673
13373
48018
48613
64638
3195
38410
55266
4823
20359
44228
34978
45570
20402
54252
6808
60552
47059
19695
21355
58418
52378
34742
51109
32020
62246
27299
28880
35214
60138
46005
29309
41276
32904
43148
41303
30762
63044
1801
5090
39430
28344
40842
64587
5934
9046
37152
44683
19171
48995
62853
20423
46051
40329
9646
62054
11229
33301
56468
7525
47655
51872
5641
39676
42321
16950
12933
17716
50204
65779
19664
64985
52618
64366
14886
34216
23064
47709
21355
6232
60211
16646
43956
15153
40236
18146
56606
45552
33109
50365
54528
16115
49768
11250
65864
65134
36236
39481
32646
37238
59341
37804
22912
29141
65326
16532
16084
5805
57280
5741
35330
49666
62215
4158
31924
28010
65999
43621
47329
1135
5528
27308
61925
50832
33270
59681
5823
36423
4061
63174
50981
44769
52924
18153
65063
47497
11402
52524
791
3032
33701
32521
19648
9135
59780
431
56784
22700
60507
45539
65467
43293
3289
26393
28776
21182
9975
25814
23791
21941
6002
33026
62077
16228
9975
51643
60847
21087
8152
24951
49854
56146
56192
12783
21817
56907
15446
53440
10564
55309
9769
31583
59444
16964
25416
62305
31807
43894
36688
32211
28756
60594
23331
49101
24898
15175
39564
45528
31689
64526
7065
15479
13577
41353
62092
2260
8138
14171
1333
42329
25611
16826
18814
56744
38912
30653
53779
464
10530
46159
57485
51556
17372
560
66235
49789
3750
5060
8731
66832
9236
29390
66107
12578
35116
7670
25178
8189
65999
26335
27762
26394
40725
60106
46554
66802
3006
64594
60137
57354
20553
57243
1802
10853
11737
36581
66457
55240
7537
47597
43901
46508
16549
23742
24348
58348
12380
36834
24856
10897
55986
193
5198
8578
50585
3705
59271
5442
31218
39133
44064
58122
59644
27552
19444
53176
49523
32730
26016
56729
38751
10827
25518
45107
14315
50750
26091
16670
9646
13316
63143
58393
40386
30937
6275
59594
29605
13369
22352
60886
62149
7894
66404
49453
29125
26166
50658
50889
65790
31394
5047
16531
63691
64948
21424
2024
51042
8845
29858
26079
59313
64207
66964
2105
11444
21174
55158
24309
28312
49065
58284
20134
3468
32147
56465
16340
22603
48759
56425
18975
35385
51909
58317
19048
54830
32428
6614
15193
44106
167
62766
20805
52781
48083
52621
24594
52603
53790
53016
35898
8677
60239
41908
60076
29954
52945
63065
6052
12105
18937
66555
6894
35176
9837
19139
18686
27497
19586
22910
14345
25004
56248
40310
8529
44688
52106
5910
64592
15806
17512
61249
976
51199
31986
13939
34664
11244
20709
55713
30997
54090
23260
1917
49578
38432
24889
38466
6410
46947
10650
584
21849
43271
47416
22760
44127
42186
786
11577
9406
45053
38937
25202
18981
11881
65702
33620
46951
4936
39063
12301
54022
12506
63337
49381
61265
54922
62069
65542
43842
3953
52661
54494
7724
9945
27060
48358
27454
50303
34813
65966
55217
36052
1598
46328
26136
30982
20550
15903
53034
57854
1086
64676
9446
17955
36700
61756
45677
34725
47234
57346
13070
27614
2136
41161
46824
58209
39138
25069
30755
28706
49401
43523
32280
58971
50213
35914
28963
23981
7272
50960
15227
62068
41638
14322
4061
43860
37414
33515
57221
46213
64692
48734
4001
66203
55429
33025
34483
50269
45970
39818
23337
20079
49990
51584
65257
11436
38966
22839
38606
53097
58958
15463
6117
26949
27659
22587
61253
14913
14921
52811
61378
35412
6507
49049
55285
9048
39991
47764
20566
3053
25443
32798
20983
7626
1641
19653
54021
63598
48934
15946
59105
45464
55264
61328
54433
20977
64391
23492
26256
46175
21940
32507
7577
24840
44583
14386
12049
38032
36258
18665
50188
6191
63963
12108
35640
56860
10742
47187
24705
40095
24574
45683
39707
54647
28611
8095
43123
28553
62802
10285
61750
8045
45339
11870
35006
8588
60122
54928
40919
5323
51572
22372
31103
10767
20656
23082
63083
54067
16615
51531
36178
13792
36625
53032
24251
48830
22439
43522
47061
18742
56935
8383
27392
6613
3692
36133
15997
11556
63920
58358
25971
37427
39651
36324
60411
66500
20848
66312
26671
19177
53985
60184
13582
1696
38240
20452
39451
62317
2599
8628
22419
35659
11051
32707
538
17937
49862
11257
46989
9631
38467
10686
52432
43999
32006
20672
51371
62323
50111
13906
55254
52592
6478
36206
11596
63526
53421
37872
24301
46788
23404
9558
42289
46656
54518
42687
65529
9267
55775
15758
65738
54991
31179
22753
49891
39857
20155
54563
21817
62090
49786
59635
55918
58655
20669
23335
34125
57088
26730
46821
17838
56783
40692
29204
11741
28971
11945
23042
22583
15365
11214
15827
61038
54583
33379
25331
17163
40633
57045
5557
42074
49673
12151
1778
44500
8962
57753
18623
44720
59231
27451
12020
53016
61633
34576
11155
44950
34444
18194
61372
33943
10906
52799
46312
54883
65927
56507
430
28404
4794
20400
17428
40384
19133
36878
57028
51011
552
53040
45793
3643
60803
20391
66029
40931
44576
54138
63680
4160
22292
30174
50835
50246
18396
8752
29415
22019
58380
26766
29722
1146
29976
36609
87
1316
64784
10764
3324
16117
66671
56447
61260
27068
50591
25487
29350
54631
48715
23696
26174
17583
42139
46908
25004
10181
39251
43523
62609
8539
25835
39291
24743
24134
7703
56227
24866
43639
66948
59255
32372
25623
59343
66452
46567
26643
38093
19814
2833
24943
58753
57221
9843
37777
49578
11001
1739
9647
40325
7210
43906
19010
49608
23837
18007
48554
47990
65694
42087
10167
4996
51966
56230
14140
33515
31292
34926
28427
10801
39709
21649
18523
9760
14652
12048
22275
17108
57365
26953
15478
66018
65742
27129
36874
23806
65410
4903
30457
63527
27987
7928
35847
43103
66973
17210
43125
25469
46941
9559
46850
13389
66472
32319
39611
59037
22671
4071
14391
14558
2535
41262
30338
62601
31508
42049
43551
16760
57353
57001
42598
48515
34921
66962
51165
21585
21649
38626
47337
42633
29507
41854
42915
56024
22011
63266
1461
27940
66334
16030
50234
46431
42537
31287
41705
60635
27134
38429
44902
5874
20068
65461
16441
23999
2667
40019
7095
2274
59787
30448
66246
51928
33214
24801
40526
35941
39652
34820
41843
63372
44591
41402
58529
3388
63566
64517
59192
50838
31407
4749
5570
51680
56867
42799
54059
52452
13581
30141
20591
58241
55578
31644
34482
43727
45040
40998
46788
64000
16118
27403
6706
21804
29622
61291
62308
9876
21851
63346
58705
5613
26513
39452
62777
44948
6689
165
24144
39430
54951
66646
48616
16821
23921
11498
9344
4162
27045
24650
58610
25020
36790
14368
21808
59739
59722
11468
17709
13284
29783
270
12930
47510
7450
45050
58434
43471
25482
4149
22979
9905
37720
49905
48531
12221
34381
59468
38654
24592
48706
46193
39885
46045
13913
33538
49911
52716
8332
50093
42161
23487
37982
9587
14761
33340
51007
14838
42301
7226
8106
12421
55316
12258
40372
12764
62123
16657
44493
58345
43395
66184
55215
12549
48725
29018
44648
55133
13994
43388
25665
5269
33774
12780
65348
33672
45131
57409
44305
798
35390
36828
14701
26629
55889
60355
46681
13920
40939
42082
14421
17220
49599
63884
51337
34291
48542
58313
64695
63705
34907
42740
134
47155
22347
49323
11453
62689
24296
26379
27845
3015
5229
7731
11295
33984
65367
61974
56047
56647
56407
49497
19556
8453
1173
26241
10163
13904
36744
24147
50002
53231
18977
14485
61495
64593
26303
48741
63645
64551
56202
55295
30292
17449
27701
37232
40800
61989
1150
46928
43261
40778
1485
28219
10003
27439
55951
36462
323
7263
6320
32332
42290
18263
64058
20871
49099
45448
28213
13340
23836
42256
57832
62405
52520
64105
26053
24444
44913
8140
6589
37382
34563
64515
32609
46574
7977
43464
45153
49215
20565
31257
10997
46055
5775
35065
2760
10710
26300
31614
64422
7429
62412
46772
47450
6764
5746
15689
50856
32286
62328
13296
9499
32604
31513
31350
15262
27064
64172
27980
38834
3119
55511
21923
20879
33525
23758
38427
66744
18344
23435
28856
4824
30384
22034
8846
14561
63100
12782
49404
56994
10379
28663
21505
4565
21642
1360
59891
14507
3004
33895
56497
44329
47650
8818
30697
7950
9028
46554
20918
1489
22338
31618
52255
29577
44394
14424
3009
36250
35026
8291
22865
25705
55750
57682
35186
6669
36073
33320
58168
43120
28061
45529
46870
27434
47552
13634
39046
26214
10253
4255
20250
60150
46744
44340
43141
40114
28866
20887
57648
11736
66377
35224
25728
43489
62078
37752
19477
55397
57993
16767
32535
51536
19171
30032
45423
15231
22095
15132
56762
4595
10510
14111
23649
64035
25168
39884
4716
60076
47220
4652
31256
60377
42056
23543
59589
65009
56746
22202
7134
16461
43901
58107
37851
25341
19609
30122
53075
38089
34056
50520
12307
4350
7666
4085
81
12973
42110
36418
38087
26594
9194
8829
63717
19940
62221
52808
59236
17198
29857
12550
60495
25587
55126
53000
40511
26584
16686
61369
29693
28810
34422
42158
51139
32179
22100
17484
42002
14525
34213
38755
62607
61337
10650
8134
2522
35851
51888
42992
60006
50104
21763
44669
12879
57028
24575
44281
18206
64157
35368
61502
46187
2882
47754
31890
41343
37987
14050
48811
18012
20678
27369
51080
715
14494
62354
11452
50682
22846
62950
4678
65927
31489
55064
2256
57096
34219
36534
43181
64692
63352
12752
11199
33645
38226
25518
61844
4588
10450
26336
45879
36877
32732
9655
11770
9092
62877
3799
6613
63142
64935
60301
24354
62762
52792
38550
31706
28723
38381
58680
5179
5875
52284
9836
57141
12740
43065
5587
11892
28721
11892
65772
21628
24200
63830
45535
55357
53651
46346
58671
46678
3771
5521
17939
15074
34093
37763
56023
50149
52336
41673
45634
27584
34783
36040
10670
66162
28149
40095
25196
16340
47005
16982
11630
4147
64258
26046
43178
33238
52053
3955
48539
26302
46460
48002
22798
19443
46207
7404
24143
36888
64170
4494
35574
19929
15509
44099
723
15678
50285
19124
28518
3168
38817
21629
55303
46819
55799
11889
61813
44756
18279
18885
5673
27099
65331
46732
42493
41350
46228
26129
24158
42848
20967
46822
16555
9079
19194
54636
48805
26801
41149
36148
38014
3965
1514
39991
1014
65463
36269
17426
47026
57112
56707
25013
47647
27684
21582
47792
2116
27614
64036
30234
27540
36063
41078
36374
25084
19981
31499
14207
22796
7609
19707
116
15809
61607
35682
45691
57158
39455
53220
14499
10039
21658
22228
49633
35231
56925
24718
64346
66319
51848
24448
55605
17207
56873
40453
4929
11659
36203
65941
45851
56648
33671
1062
31140
54757
37448
33004
44604
49579
34705
38020
25191
16216
57802
40181
36460
64239
21702
14307
28805
11030
37576
43575
54549
23011
58365
51459
13994
21838
2252
63158
3238
23578
63371
38541
41540
37769
47625
50424
40694
50129
7180
55236
15229
31796
28766
41970
17989
61241
11946
21128
19360
47770
23338
25153
56966
3131
60671
18605
24882
17399
30276
37537
10052
27924
58318
36495
18099
35882
61323
13306
21884
25608
21161
41824
51558
51735
62817
64804
33651
2622
2445
4622
8186
11945
23490
40314
33244
3380
39295
45015
56266
8412
34480
45186
66907
53025
47302
63729
25378
56164
23025
40444
48004
2552
45510
26085
16037
7806
64297
714
30131
8128
33404
1417
27927
55524
50445
5072
21431
11684
9547
45661
21960
16195
61980
26272
17843
20744
39164
3026
61059
58363
7027
3431
34615
29739
13448
43873
630
406
64685
33102
33216
64443
57808
9657
27251
49686
42528
8471
39245
38486
42485
2428
47555
11075
21299
33163
55506
18821
56402
9290
61820
60938
17213
20474
40581
36326
43587
61213
13790
8488
13714
55884
6806
48322
40082
24512
53757
12034
46423
31714
13803
59312
10444
62849
22910
51451
41176
32375
19809
41549
54108
29033
31566
6668
3520
10193
65079
16459
26143
32636
36898
15860
37774
56885
56098
38753
35738
8782
17802
29644
60011
50635
24215
9306
1021
45344
47821
8614
30605
12565
63548
21157
12712
27578
63698
8239
29649
45338
54954
24420
136
44862
64196
12841
22661
25835
65432
49825
52728
61174
18907
25305
16276
46099
27594
43472
33727
51353
947
45309
49007
51796
28815
55637
57980
44341
55839
10511
28224
22394
56739
21529
27162
29660
56852
30624
41236
7491
65526
55545
13348
27384
45233
63166
55024
9703
36154
5625
45938
45597
39515
9356
16904
49752
1088
40004
13749
56698
59273
21793
51538
25601
37329
32995
24497
2622
21469
46871
37928
34591
66539
30667
24080
53499
22012
59777
51725
33565
53113
50600
8209
21429
21097
29393
65981
50068
39894
3964
14727
17141
51438
40474
61336
17477
36472
54492
58076
41638
41797
20962
49828
12728
37472
50441
23824
10251
18426
46676
32936
48725
29295
59666
65512
37121
8284
26192
8386
44895
60989
17044
62570
8750
62163
49869
6976
53531
39614
65206
39861
16774
30525
54338
52313
37207
46977
42956
12173
53150
58846
45024
32507
45782
14564
51031
17714
13406
9604
23341
19994
63389
45397
59795
62196
4509
38379
52135
42951
27378
12771
38383
21758
2502
39423
8756
8386
27505
26210
13354
66959
10401
832
65722
60038
17901
26586
60581
48852
16441
19523
62564
20877
56675
66948
5921
56767
26905
20611
39657
42535
36174
34954
31774
28795
57083
34491
22935
37632
48137
25871
34247
3180
32616
47325
25834
1697
12534
35243
54801
64576
19182
27671
61856
30451
11654
1331
61713
29119
56667
45099
66779
10020
20764
5074
6185
20292
15101
7924
61701
11954
46163
54790
21446
31566
34630
54109
56064
59482
33927
32943
6194
12587
43597
25337
45776
59479
3009
61610
55027
31062
15102
66546
57578
37217
40902
11215
29836
20888
48512
17622
8647
42018
36757
51247
28940
23127
39013
713
55719
24553
34969
30396
50440
18137
8970
40196
8245
49612
53199
57923
41072
19535
19267
3811
35730
61515
41544
34673
57009
8157
65303
47094
20028
36385
24625
30715
15572
17563
33774
43928
62606
4190
40198
30425
39761
43773
11767
9447
29356
39684
24102
49867
29372
11746
58618
8332
62910
37915
65236
49501
1740
62956
43202
20
28463
55542
36094
55607
7433
10477
57525
19359
22983
39648
28698
53837
38437
16067
62107
19069
9047
57590
14940
36904
61737
8530
31995
50834
49307
62124
24092
19880
6793
18427
34753
15668
63875
33180
43353
58765
494
6957
56667
35120
1761
27313
61114
65567
25401
53924
15256
51738
50920
22140
58618
59534
64295
22750
56017
7486
19035
10286
11009
41024
1488
53546
14450
31693
21959
3674
59469
35093
40031
45733
37881
59325
19364
34603
12625
44803
28028
34891
875
22097
43639
59176
62434
20682
57970
43432
48183
56281
45182
54316
61737
49973
6502
12564
15754
60422
38751
9198
28000
33626
46630
66002
56803
37841
17869
13485
31166
49413
22663
9020
1970
47280
2611
56777
17112
42160
49443
8743
12397
20938
17233
19525
23203
61441
3484
28109
19845
27059
123
46812
61557
33259
27655
10252
13468
25516
26314
8392
904
16101
55010
31840
65348
47831
66281
55920
44134
50434
10729
47156
48619
13711
49059
33724
12936
40180
45706
16238
7986
53786
29309
3994
44595
52904
3633
42267
60692
38519
56012
50555
21228
47419
26403
38965
52941
58872
25102
52665
18987
3891
64125
36143
6337
41513
39953
54731
10859
45801
9117
36927
59276
49197
40987
49129
63636
19255
19178
36533
30039
14952
58039
37998
26885
30710
40041
13445
63785
16048
26816
3424
12772
52464
60175
55197
33618
46903
10567
34887
31440
26906
40922
10554
11829
38883
8506
31798
13311
65444
26237
13809
20322
59676
32365
31725
2298
57192
33900
35653
43622
51465
56080
20478
31081
62888
42170
11703
14952
29152
1261
21492
31141
66060
10560
54957
11790
30196
29196
20510
9155
31802
17343
37235
10544
39724
29184
44296
48328
22849
38437
2399
35814
43435
5891
58222
29444
4658
64963
32411
9618
11247
47373
29016
32847
9868
41253
58318
21799
7484
59673
9438
17297
48315
60983
51053
27142
10604
20072
9181
4754
44510
30758
2136
22622
32516
46002
35500
36604
32408
42965
44460
51027
50600
1740
753
7174
30700
22804
449
47354
53922
28749
21914
50724
24382
14467
29281
6300
34093
13319
55685
44256
7188
37563
29637
11127
17849
6942
26387
6650
59238
19041
41696
5612
41624
55126
40629
64697
891
63825
42634
4374
27987
52996
44918
66063
27611
33038
30008
13618
33788
66247
32860
60395
63484
1915
36100
33647
10503
18835
26060
1262
9897
4774
64134
42592
26413
62636
62173
9729
43863
60628
44514
34153
41062
18833
35676
38738
35886
15421
17803
23290
7955
32322
50291
48212
37490
37712
45255
55336
13171
30269
46761
10044
31212
31523
21714
30756
14074
54220
33122
47978
42764
30925
10073
28635
16550
62579
13476
35445
40761
43392
35851
30383
3314
26542
44870
11308
48531
22827
46463
42306
14862
27108
43598
58429
28646
51520
35164
37636
42336
13112
6957
12352
22703
17245
65860
15177
222
20184
51180
34573
63828
5821
50835
27318
32830
28061
32215
2727
50334
23522
36363
11267
38420
38546
52002
63849
38866
22638
11966
65231
24496
64263
46411
33681
34801
6228
34519
12752
22800
18584
6841
13558
36356
29298
3139
60876
7421
1056
63187
38888
25866
21229
37674
15102
33302
13771
23004
13127
40317
40904
53182
37452
13045
4892
66924
13276
26820
16525
61465
36307
51214
39298
20511
51334
3425
59310
2407
11006
13867
33308
47728
12689
28292
42914
60710
54474
53267
61595
35899
16011
53508
60803
56022
13290
34334
5103
53632
2564
41872
41632
36055
37756
5507
58977
41208
52905
37755
4985
63469
15543
806
31272
35032
19597
5079
28979
47217
22296
19626
56702
37647
6065
56736
59035
10967
65851
5334
65853
41466
55485
13855
3928
4880
46527
37660
26394
1943
46416
63860
13156
65839
18503
65170
10147
4481
38944
60050
51521
30157
40563
4480
19128
25080
40475
22979
4157
29822
46734
9625
18446
7342
19209
36898
6110
54328
583
66489
15402
28466
7965
24687
7838
5840
22412
27057
6783
47269
19450
55723
45313
27744
27576
30276
19293
46848
50260
55078
8992
46994
41703
36622
33637
51293
6666
23688
19273
62347
32148
34089
55337
5319
40966
43188
42928
43628
47445
56731
4265
60962
23007
31239
14582
43552
35722
49491
42855
22736
40301
19159
22816
64450
3383
52881
45917
21625
43997
35826
33850
57410
40417
62509
19378
57538
15295
5325
17767
35398
58636
4078
39740
7098
43798
30748
23453
62591
13153
33325
8894
11199
46713
61041
21027
45149
29251
57869
7856
57364
21282
63167
62826
20683
66016
48444
39112
29482
22640
14991
18686
66773
38891
35343
47368
9030
12015
19936
13095
36643
53502
43435
45185
9074
1175
53824
47536
53366
26397
44289
63483
39912
28966
62156
53104
12966
14518
6891
18554
61017
24029
46522
53037
46516
31542
8241
37181
51428
12826
10014
20965
36702
64880
46884
29539
45979
66342
30132
10171
60305
19446
51790
61658
51187
9169
38410
16035
21331
10423
54415
9774
17273
18351
41721
5745
31949
14972
13351
56693
41590
44736
36161
30689
33451
44718
999
32139
51671
46958
6866
55403
15832
58924
40894
3484
16367
66584
2445
4320
21442
9851
43907
22079
13335
27790
20663
60173
2204
58216
56280
11368
26567
46737
6855
42019
3236
61125
29396
62540
52079
12120
855
23826
24098
31760
1301
26935
60538
9373
51179
52378
2986
20791
41961
7210
13708
26634
41830
57297
21650
33923
22195
49109
32809
43561
31053
40065
40320
19136
50697
23028
10529
53844
49011
49603
19057
7496
1468
12817
29984
38783
17549
53041
49224
49873
5759
32866
51623
38572
65425
25462
2896
59967
59952
57195
17900
5452
33198
33745
57002
33162
59289
55431
6222
65340
4633
16056
34174
325
5687
9626
33404
11462
63146
44170
53017
59129
48468
58180
30023
64667
44881
42006
48573
1494
58546
14963
8576
6418
47350
25498
28339
1312
41590
28531
13398
30964
20941
8740
55356
1154
29630
22724
17350
22494
40092
27226
43274
43933
63079
50877
11921
5483
7000
176
32625
55987
61256
21714
1592
32383
34729
21572
62022
65466
59503
11123
8730
52878
58970
62114
61890
39873
21088
18328
17462
65735
63767
16164
64923
5104
49392
40042
22404
57964
36430
45137
23921
14790
22475
29957
41314
34588
6567
55319
54022
41876
554
59525
46101
21699
2655
23053
58779
46340
1380
5292
15255
7857
53812
56260
16580
42792
29741
51571
47233
12750
51847
20256
26644
24518
33217
1021
44303
28328
36197
57747
48692
33829
52630
31277
29003
58237
10563
17600
29429
30780
19759
14265
41055
37071
13120
14434
57554
2059
3684
36390
25451
27554
55498
15267
33909
46786
34843
9579
61372
22796
8928
27216
48286
40312
60290
46979
36547
27780
65457
28310
39433
60535
19469
60379
33162
46143
3838
4382
30983
17756
8136
21491
32708
17329
15190
19367
9230
10068
35699
20144
2215
50445
16509
21468
23594
30939
42776
45574
36698
60766
11870
61884
24275
35344
25254
35020
3345
4308
1593
53185
55313
564
1348
12756
44723
8980
26900
13531
52725
30681
43074
49444
54587
42791
2533
29811
34309
44432
3335
2153
26132
58558
943
58484
62868
32828
42365
43831
22389
60492
49482
5589
47573
17258
56362
47461
13577
13172
35114
33874
43814
20807
30698
31014
18596
2769
34811
31281
35870
1240
26661
39984
3010
58366
5237
18069
59503
11791
48772
25716
28811
7197
63142
64888
54087
42169
52044
21752
15803
57608
57627
42283
13190
37601
45640
62244
58322
65725
25936
27568
12261
19674
27699
18625
62502
55355
36766
66448
45273
46176
5103
36530
14038
8355
44267
15266
42972
21276
53249
3097
51449
2339
54116
5027
30605
4542
36779
44021
39483
24597
29252
57565
22423
52236
13972
50907
42034
46033
60777
23931
62953
35888
66140
23667
53913
44675
25976
12779
23881
39072
26475
39047
21231
37483
25236
4857
37242
3776
65952
64557
50579
44851
56309
18808
9729
39261
598
42399
38177
57149
39381
15809
63476
66337
4786
31814
5030
65566
37840
9792
41660
8974
65283
62088
17966
33874
37655
44813
