3238
7157
5392
4815
101
1916
7384
8539
4421
6463
1127
2811
7428
6178
8763
9617
2893
8162
4736
5201
9619
3890
8249
8896
7432
7980
4095
4829
4183
5301
5695
6744
7529
1141
2117
1359
5005
10
1489
9962
8614
2915
5183
7843
6273
5924
9575
9430
6661
3383
8620
3614
1897
9841
3812
3667
6055
1511
9438
6648
4044
6070
8460
5574
2311
7963
5762
2824
7238
8257
5818
9698
7993
2797
4362
8684
8034
973
6113
9600
149
552
5564
9391
3484
2441
3001
2377
5937
4591
1774
7017
4990
2734
8222
6519
7702
3559
5618
8566
924
8043
4057
8680
3124
2722
7623
4535
3398
6900
5403
517
6000
8704
4661
450
6302
2239
7963
1296
8399
8029
4734
9873
4668
4916
2280
8103
4736
8580
1820
7127
3505
5353
1739
841
9558
1455
9488
6928
3107
9910
4301
4201
7842
9169
7366
980
1393
7609
1244
313
9232
1136
7632
1646
2548
6917
5715
4762
9270
4686
1731
4124
7333
9119
2806
3465
2262
8884
8944
4109
3950
9184
6599
3272
4989
2085
4640
3593
9017
4760
8540
4986
6457
765
5179
9567
2053
9126
9528
3719
2689
8828
5122
6268
770
6428
3317
3405
2211
1912
9184
5720
4428
5803
9524
3625
2740
2945
4092
5908
8306
4562
6321
7001
2088
7627
4872
8532
4710
8954
63
8027
9286
62
5265
3816
6590
7947
1308
9030
7625
7952
9630
3491
8804
1550
969
1361
2313
8570
7161
3430
574
9314
2049
9518
2669
713
732
8058
8249
5484
7246
5406
2321
724
1701
1675
3556
8716
1304
5735
3355
6627
97
3781
2215
1423
6827
6288
2722
4935
2371
4432
3577
1293
857
21
3816
8248
6721
2925
4399
7363
7360
8160
469
6199
2071
6734
3349
5352
9181
2922
2313
9549
7981
7905
758
3709
2391
6895
7577
6505
1950
4583
5559
1990
2027
9454
7193
4391
9728
4114
8009
4195
7121
138
7443
6892
7119
3656
3816
9562
1724
3612
5373
8691
8978
580
6072
4954
2147
1738
3932
6242
2335
7720
1105
6851
5496
962
7626
2361
2879
6323
1857
9247
2523
6573
7852
4784
2149
4646
3619
8179
1614
3872
477
3887
53
2637
1207
7440
4845
116
326
6865
2169
5593
6129
8269
7058
7314
1895
582
2005
309
5255
3394
1215
7500
4202
1870
2849
4915
9780
4843
8399
8183
3252
2212
5938
5334
5546
2690
1025
8664
6696
3845
7923
5749
8753
3911
1387
6821
5158
8035
9304
9367
3387
7847
7292
5008
936
3641
736
7540
5649
4942
4463
1989
4855
1993
4036
8295
7030
6622
3589
7192
6047
7513
5415
3820
3516
7431
2971
3236
8850
4312
5404
8720
3418
6847
6018
5314
105
3951
1777
4155
9128
4610
7187
8467
8968
1977
5588
9014
2539
8056
1621
4158
4543
2101
4391
9997
7145
7112
8733
8181
3246
1454
3395
7562
5511
4767
1296
986
728
2873
4894
8356
1608
6708
8945
3972
5092
5009
5395
4733
4688
239
6466
6171
6885
4866
9946
3268
6435
5830
7688
8362
7305
5610
2442
6613
512
3414
7836
8258
1505
6392
126
8942
3393
2095
3479
8521
8237
3373
9233
7438
6358
9507
231
304
644
8564
2635
3832
1645
6584
6069
2976
6958
494
2824
80
7712
7780
7160
9681
7639
7812
7924
8674
9173
3880
4487
2222
9126
2147
1695
2561
5536
8393
803
4617
658
881
6732
9391
6001
5495
8088
1432
244
2553
7642
320
1673
4280
8623
2503
3796
339
5501
122
5872
6298
9849
4832
8692
7274
3754
4805
6483
2601
429
3097
4280
8867
5397
1387
6323
2073
7060
540
3601
8621
861
2910
8870
6056
9055
9759
9525
2783
4195
2726
1710
5700
549
2453
1882
9832
6459
91
4535
7840
9453
5413
5634
2858
7768
5304
3682
5899
3405
9570
2979
7355
8660
9225
6436
5528
1040
4581
8465
7454
8448
3523
6633
1987
6855
6863
3820
355
6109
2418
1614
6604
5349
4200
3308
193
4267
5340
6581
9335
5395
8431
61
247
6872
4531
162
7441
5209
2130
1262
6481
4802
4647
4531
2363
2892
6184
7097
3341
9601
5922
8641
5578
7489
8635
8558
6476
3283
1864
8095
6113
2522
2702
3946
9112
7766
8624
2870
4757
6404
2884
5412
3890
9814
7986
1226
7501
1548
4532
4571
9334
2827
8327
1988
3371
4962
7469
4969
3299
9930
1030
1068
9689
2593
1634
3822
4048
332
7057
194
7465
4749
6641
8619
8458
9095
2792
2629
4194
3970
1963
4868
2680
4052
942
6127
4337
960
2728
3222
6334
4001
5093
6143
4028
4814
7742
536
479
5723
6168
4694
8031
7310
8997
9915
3819
5201
3451
8987
2128
7417
10000
4433
5744
9131
5651
8945
5516
5437
3275
2449
8788
1835
3970
3803
5946
1297
261
491
3322
1069
156
8150
9501
2635
3672
3315
1447
2216
8948
8402
8310
1566
483
2154
6838
2113
3433
2702
5807
2735
6470
5264
2472
5380
799
5264
7038
2287
63
4687
1746
2685
430
2007
6479
6118
7775
8135
8077
6546
3131
5203
6289
3356
2505
2088
10000
6075
5656
6370
9125
5627
1268
8809
640
5028
7001
7741
4780
3635
2321
715
284
5157
1108
9756
9290
7399
1270
6314
8112
8122
3347
9557
136
552
338
4019
3938
1057
1427
6873
5428
8489
1820
2582
2600
3693
7269
5007
7286
485
7543
4159
8652
2270
6288
465
5240
7936
5202
6533
4332
3341
8306
2532
7971
2892
4724
8857
9285
9929
3903
8812
9866
5271
7857
2957
4859
7355
411
9467
6345
923
3436
2764
8263
2164
9818
2456
7843
8515
9598
1767
814
9890
7715
3887
2081
2430
6162
2654
3282
1930
5327
2704
9096
9449
7902
5089
4700
9167
9461
6875
4159
67
8886
7702
715
8
9495
1292
4874
7416
9737
8997
8735
4056
1806
8711
7188
9850
9355
7139
2019
8965
3920
2414
2344
3347
6754
7478
876
6038
371
1673
7525
5480
4616
7822
1155
1146
2216
8413
6908
8664
419
1521
4493
8218
3687
8016
216
7554
2353
2361
9421
7172
1105
8215
6218
9563
7543
7267
2643
3809
8097
2414
6192
4369
6756
8635
6091
7311
6633
6726
4757
9570
6925
1803
6947
2179
8634
1083
7494
5360
1123
521
670
400
4641
3864
4698
8263
6415
3417
5912
601
8387
2757
9695
1047
4736
9059
8447
5199
5212
4447
4814
9117
6674
8669
5140
1485
396
4195
5088
317
5911
227
5789
7601
626
3487
400
2436
3247
1068
5690
9502
8780
5105
1326
9230
8913
5674
8136
3139
5191
7077
2105
9585
4589
180
8192
262
2046
1841
8231
2906
8298
8750
4271
5357
5045
3444
3632
8336
9934
8949
8246
9099
7931
14
4303
4196
1149
6021
5592
9762
2536
6079
959
5978
8997
8663
7049
1716
202
5291
8775
6714
4021
7069
7768
2882
847
1693
6157
1582
7610
7289
9490
9809
606
610
7304
571
3852
5869
6389
2078
7642
4796
3965
6105
204
3421
6344
1275
4068
6173
2656
5387
8988
1547
8358
8776
8140
5230
7269
8398
9382
7060
8128
1779
9350
8879
8604
5224
2240
6442
4830
2016
355
5053
7721
3310
2535
46
1433
4600
5869
2303
2713
6718
4730
6366
4561
8639
35
6104
738
1022
2296
54
8315
2765
3576
7785
9168
6320
6038
1
3779
6577
1973
7516
3871
5549
9330
2037
3310
4283
8865
6934
7541
6161
2969
5085
3575
1539
1219
8628
1778
7316
313
123
1434
2684
2586
257
4016
8092
4349
3858
4989
4206
6227
9198
5177
6845
3882
45
8888
6987
4220
9387
4632
2595
8231
7331
3350
7596
1890
7911
4034
1071
516
7400
6700
635
1817
674
8445
1008
5248
8814
5490
2939
937
3542
9645
2614
2107
8195
908
8037
9312
3985
4393
2957
8279
5315
7245
7555
8083
2268
3183
8991
9393
7512
3005
2145
3469
7774
5399
8361
2087
7721
3849
1121
549
2624
3381
9500
7815
1233
4318
3114
2926
6280
7052
7968
7284
8788
7910
5981
2430
9881
9659
5996
2367
4335
3278
6903
9466
4797
9891
9496
7844
6932
5064
5518
9555
4337
4674
1497
1267
3110
276
7456
2358
7220
5238
2496
8555
821
1036
8320
1998
1094
563
8291
6265
1673
6365
9656
9551
4216
9945
1379
5877
3857
6188
4368
4579
6356
5761
1388
8851
9552
1907
8258
3584
4785
9339
4456
6500
2430
7255
2085
910
366
6952
3022
9915
2258
2243
1747
9434
7852
3680
7890
544
9479
7169
8005
2279
2444
2111
2498
5694
3254
5629
8176
96
8656
7558
1693
5478
4354
3047
9136
2142
33
8120
4440
2695
9864
6987
9733
533
3556
5694
5682
995
6335
4909
4017
2501
1512
3195
9904
6694
8160
8805
5317
2256
7770
3560
663
1791
7578
1428
3080
531
3370
7006
5794
7252
9456
2339
6540
7186
4855
3159
4025
9382
7666
8245
414
5116
7103
124
1549
6053
3768
5255
3277
7098
9405
899
7124
7543
2788
553
8631
9774
3378
7793
7488
6403
2588
1606
8016
7802
3859
3600
3942
6556
4495
3146
8724
3159
4075
7734
9364
2664
1071
2596
2512
7782
6119
8539
3124
6726
2126
6948
4468
8086
711
3287
9104
9793
7763
4345
8457
9155
7072
2094
4835
2313
2400
1817
6184
2750
6761
4719
3845
634
9077
2196
3185
5375
7797
7884
3071
4650
8213
3863
5446
7533
305
9093
2803
6475
3906
7163
2065
4212
2791
589
2390
7168
4139
4354
9009
5175
84
1115
3014
6976
4603
8568
1134
4490
4851
2987
4125
6866
5163
6215
5396
5343
1085
520
7501
5139
5012
198
7439
5404
4702
6262
7243
7130
7518
4025
5475
9291
8851
7385
4167
2042
7851
8509
9138
6283
3280
8440
8664
3236
9463
4638
7530
2665
98
1833
2589
3864
9403
5515
5751
9771
673
568
4349
7574
3798
8929
7377
3591
1797
744
7720
2091
7271
8590
7552
8524
8107
242
2556
9737
2378
3325
9881
2306
8344
9109
5681
1257
4477
4415
16
1807
8964
7853
1023
7075
4826
6520
5784
7790
7112
4260
7246
9757
6454
999
272
9348
2789
7995
8576
6928
6111
3608
2734
8534
2059
9755
8821
9158
3380
5054
5294
4057
1128
647
1509
1612
6685
7927
3421
6666
9304
6576
1784
8279
9922
1049
9276
8721
7289
695
8930
51
5677
4658
1780
3979
4832
970
5111
6799
8725
8717
5364
1709
6401
8577
3131
9538
6312
7745
4571
6183
2056
1837
8626
7566
1641
5782
5218
5477
5879
4010
9
6701
4875
2326
7871
682
1693
9091
5234
9193
9159
6514
2995
9977
3815
8952
6314
4256
1185
4837
372
3758
9578
8567
8828
2360
171
6345
2657
6070
7271
5939
2547
1902
3689
875
6157
5534
7035
1040
7669
8933
298
2146
4368
5551
5103
2067
1652
8608
3892
63
8560
152
5064
4300
9422
296
7136
8733
1397
7011
1421
8751
7422
6698
4004
7006
5895
9528
6478
6569
9468
9960
6884
7253
3811
4941
2345
9302
5871
8776
5655
3006
9244
9580
8070
6898
7102
6725
1054
5139
8690
193
3048
579
4537
2198
4754
1648
2271
8647
5888
1330
2491
7215
654
3688
6316
1084
5696
2037
639
8640
433
5786
3547
4696
5857
3980
2767
3744
6743
7763
3310
6836
616
6129
3177
9915
7404
465
352
1213
164
4078
7820
8451
4611
989
6199
5233
3789
2409
4111
1720
4604
8939
6273
5962
3095
3158
6970
8049
1793
2554
967
6680
2443
2986
5767
5437
4200
7057
1937
1935
2264
3
7801
752
5386
2251
7158
3193
8324
9041
7273
1173
9581
877
7166
4015
8285
2761
8753
9067
1827
2698
3007
1889
7075
530
1269
1823
910
739
4598
6768
9002
4464
2786
5852
2215
6183
4993
7560
4946
4566
6042
6107
4348
6849
1633
9718
3480
5667
8406
1610
3658
3912
701
2060
9192
9401
8455
5368
5448
7363
1863
1967
1924
2140
3741
5024
8470
3953
1784
6117
1411
5155
8489
4329
3308
4077
4654
1564
3156
6598
7458
3705
4850
5057
465
8978
8766
7928
3476
7241
4102
1946
7230
4228
9645
3616
8895
3181
8361
9681
3904
7266
1753
2708
3000
2311
8327
8873
205
1418
261
1583
1371
1900
3580
6624
7499
214
4201
6874
9675
5431
622
952
3034
7050
4641
8551
5027
2804
3821
2824
7426
7478
7912
5985
9998
1883
8277
3525
2578
9033
4659
2006
142
2216
7399
7255
1466
2611
3013
4931
9229
2573
2319
3676
1728
8410
2027
7238
7778
6463
690
3536
8890
8170
8857
5757
7583
833
9871
8203
7040
8216
1112
631
9021
9292
1891
8426
8731
2780
454
7956
377
2766
3802
9613
4843
5723
2539
5837
3279
1407
9155
8412
3021
4760
8319
7498
2830
6883
4365
8286
1126
2629
4399
104
2827
2572
2003
4913
4753
393
5585
8099
9248
146
6407
5398
3928
6098
9109
161
7542
7770
3085
6502
9514
6855
6106
1085
1724
8217
8861
4218
4283
2678
5443
8704
4666
4140
3061
535
1625
1093
9778
9418
6315
8379
6042
9639
568
8981
8586
129
196
7789
7018
9233
9175
8411
5486
8896
2571
1414
8214
2256
1477
3083
7928
2828
1651
2340
7689
4925
1272
1005
128
7408
2734
5454
7996
3123
6852
5809
5812
8179
6610
8077
2498
3949
462
1770
818
9027
9014
2760
8631
7076
3508
325
417
2209
9180
7632
1745
6572
3083
9271
5666
1050
4909
1495
6128
2032
3737
7579
3593
9318
5907
1156
6460
2216
8413
6641
5369
5095
8859
1968
4957
7292
6325
3130
3764
2229
1103
3833
5477
1349
3285
1731
1741
5799
1249
6540
952
5486
1700
7734
6117
4664
4171
7729
3053
9675
7345
613
3838
2899
3678
805
1741
3595
3509
8727
8973
11
9877
4698
558
92
5888
2816
9305
6843
6729
3206
6865
1976
3033
3810
5838
5977
7345
8441
3290
6603
6951
4923
5905
3534
2826
2965
7756
8011
7003
2352
5330
5973
7001
4002
9924
5907
8482
6392
7225
8602
8586
1342
5660
6232
4497
3659
557
5293
575
6623
873
1210
417
3071
3320
3526
8205
969
5761
8117
333
9510
2504
4096
7198
684
1455
5622
4484
3338
7398
555
6056
1872
6010
2089
2975
7113
3005
4065
7957
5464
1586
5887
6965
1888
597
4538
862
3639
911
4273
400
3933
5342
3330
6681
851
9453
5434
1349
9961
1343
8381
1827
1937
2205
8854
1516
6645
3213
5711
1823
3001
4154
2869
3534
9591
157
488
9783
3152
123
5992
3368
3285
8613
1138
4659
5599
791
1103
5207
8237
1525
5682
1985
2950
5547
1029
9812
9077
7523
5114
3612
7334
5163
655
785
5345
7198
433
9310
4863
487
4691
7142
7940
9274
4350
9983
4800
7877
3047
1542
6791
1540
7092
4218
4450
4621
415
6202
4289
1068
6975
6745
1151
2181
3884
9695
5690
1183
8446
6040
8870
3916
5671
6190
9852
5006
1160
749
4481
9966
4604
1036
5573
1406
1315
1077
6730
785
884
9842
4788
9244
1124
4572
3537
9469
7616
7742
576
9415
5439
4271
7482
3826
2703
4841
7471
8693
1460
1436
8281
9663
918
7825
3181
4946
1912
3890
8491
6019
6516
4679
8189
4128
4426
9454
3832
5851
5857
150
1846
6002
7619
5207
9833
9489
8180
7363
6114
1899
6032
1682
7498
9574
9884
5022
7032
8061
2178
6602
2967
4680
6150
2614
9543
3665
8471
5255
3846
7811
7274
4759
6986
578
8150
9202
6789
1019
188
2986
7700
7000
4930
676
7404
4813
1115
3463
9788
337
3632
9980
9116
3082
4712
2920
9586
3884
284
4121
430
908
8054
7092
1847
8770
5400
4609
3524
7947
7094
2083
6917
1819
7360
3073
2054
236
6280
5628
7592
8533
2685
1230
2971
9276
1938
2189
4812
7933
6550
319
5260
9977
3195
1630
4116
97
3319
2540
8626
5869
2402
1550
4363
1924
2196
9768
2783
6344
516
794
652
1925
9144
8461
373
6311
6331
2948
5293
4484
2250
7410
2725
3516
4276
5946
8055
6818
9196
8144
5937
8063
5099
653
4354
463
861
4986
4758
810
7982
3422
6895
7815
6421
6548
3111
5640
8702
3753
5116
5143
4337
240
8106
9743
7744
4945
4832
9959
8859
2371
4780
6672
7786
3671
821
4253
5164
3881
6425
4640
3517
9921
9934
5825
6526
1718
1225
4085
2531
6093
9514
3902
184
3123
2156
6036
9478
9399
2524
140
8058
3329
2180
9563
9411
4498
6365
2959
4092
6325
1149
7686
4774
5801
7400
900
5690
1895
8766
9055
755
455
1707
890
8203
2181
7160
7427
8431
1068
8394
4232
6494
209
821
6683
478
7773
424
6653
9491
474
2872
4350
6510
9299
5805
6597
6667
6494
2301
8912
3985
7106
8811
8116
4230
8897
9468
7994
3961
1334
1760
5008
5304
3387
5026
4402
445
6876
9891
6868
6339
1389
3402
9624
8183
1128
7432
6823
801
3502
4577
3824
8457
4120
2181
2765
160
9670
7851
2934
6427
8148
4446
2705
6540
3349
1611
1790
4955
7042
5089
4722
6457
3322
354
8665
8227
142
3221
3342
6252
3257
6322
5425
982
4559
1113
8184
1988
2496
5274
9172
3183
9496
9567
3809
1628
5991
4624
9671
6371
4729
2570
9014
426
9384
3835
7265
2081
234
8091
2229
1761
4122
9616
6745
3322
7350
6693
9739
2369
3795
8103
6578
1630
1791
7550
492
3876
7491
1326
1084
5803
5605
3622
2603
4303
2378
4374
7088
101
8874
6559
7640
4822
2545
8988
4989
2392
1088
3162
3417
6465
7046
3937
8507
1711
7734
2535
7672
6460
9174
908
3767
6924
8505
1379
5219
3302
8273
5059
2903
3345
4610
72
261
1602
9685
6766
1408
4560
7988
6745
512
6176
9787
3394
3708
8237
9147
3377
4050
9914
4920
3497
6530
6300
7035
6924
9914
83
9483
6786
4867
1141
2982
3866
5546
3161
1393
7975
5947
2751
4264
4181
7484
6363
5561
5612
7759
5273
5997
5958
8791
3626
9194
4651
3416
3096
2882
6933
2101
1922
299
9170
6429
9310
6901
5281
6499
1261
9615
2667
6424
3745
8595
2583
3640
6517
1051
3465
9127
9369
9645
4046
6584
228
6687
2409
2410
7334
2115
4269
6131
2620
259
3232
4022
1565
8908
2747
89
8896
9809
1907
7289
532
7569
3051
8491
6730
1474
2608
8346
2491
8625
1476
2694
4534
6895
26
135
727
5321
2996
6918
2410
2783
4425
3707
3379
4745
1269
9468
4493
1048
4201
5764
9529
3062
1026
4991
9700
6935
9288
1015
6399
6960
6709
570
168
3644
1670
4049
8360
8912
6740
4927
9711
2849
8642
2280
7630
6030
9138
5406
1735
8138
1260
4116
9000
6566
7426
2601
261
1958
3279
4965
9016
325
472
6314
2684
8871
4693
5433
1185
6872
8489
6398
9975
2451
2127
1093
9363
5296
8856
8080
383
1582
5681
8734
7579
8831
2168
7390
9971
7550
6870
5662
3488
5026
6257
3713
6508
4755
4701
783
8607
8950
4621
5563
1257
6220
908
2073
4969
9326
5468
6343
4196
2370
3938
992
6707
4000
9500
4780
4875
3922
800
332
3670
5588
5097
6885
2236
1487
4560
2168
2211
5363
7468
6293
5808
876
1267
8007
3764
277
1397
7925
9954
882
2582
7500
6608
5091
6412
2704
2116
2214
5468
9183
7846
4393
7377
9953
2784
1718
7380
7342
4669
1626
3831
1734
5156
2666
8097
5103
5179
521
3808
71
8449
3511
2475
8765
3663
3117
8243
2652
6472
1461
8648
6802
9315
2070
6406
6087
2613
9974
1527
63
72
5950
1246
7413
223
1744
6961
2515
699
4482
2342
2948
4322
3358
3927
328
3053
5581
549
7685
6296
61
6312
4864
2859
8901
5637
4190
1808
2554
315
4563
8587
6000
9330
329
4022
593
620
7294
5390
3717
7012
3402
5760
2777
4277
8432
6032
3627
7728
5591
8698
878
6948
8080
3857
5211
8218
7182
4950
520
2990
7293
266
790
3045
1343
5335
411
7622
3937
8809
3108
8327
2357
8608
44
2326
9831
4844
7737
2780
8772
415
9866
3492
533
6717
9506
3770
6803
7283
9826
1406
7727
4566
1752
8154
9479
4290
653
678
8249
6110
4015
4296
4140
2358
4428
3092
8611
8215
4432
1590
4220
7224
5673
5440
5338
6490
5624
7532
8591
6054
192
7821
9711
4273
8691
8459
4885
4999
1996
5627
55
6699
4195
8757
8890
6341
6190
4495
4950
9013
1110
8203
2376
9194
5687
9584
4259
7212
818
2692
1098
9736
9401
8362
3362
8964
5177
197
2979
7681
9928
3088
3964
3753
4321
1491
665
4393
112
2785
726
3945
7162
1198
4841
9831
9327
5960
4565
8147
4735
4053
1289
5996
2117
7354
6746
3398
1355
9370
5356
2280
2421
9135
4208
9754
6616
7419
8087
864
9085
6089
7318
4493
2992
3806
1830
1774
240
2901
388
9779
8242
4626
9395
2522
6336
618
9929
248
1006
2878
6940
7081
1554
1951
3789
8208
1324
7861
4287
7246
9800
65
384
2300
1166
7682
5549
2584
1651
7867
589
5326
6585
9094
4799
4541
2341
2192
2903
823
9479
7795
4467
5301
9257
2956
7147
9101
8194
6651
3541
3875
5736
5762
5813
9025
3646
171
442
8363
2358
899
7220
620
1958
6319
1382
7858
6571
7379
5215
4313
7747
7426
5747
7522
4767
2986
921
5997
6164
9829
9249
3947
4029
2262
4323
3656
6996
8984
4255
2440
4174
7892
677
535
2706
8983
404
5764
4824
5998
4042
7443
2536
342
9287
7871
5793
5482
7415
4164
870
9938
2963
3779
2990
2858
6427
9915
8365
5874
2070
9740
8306
759
2522
2194
5109
3429
680
3754
3168
4989
2748
6329
4342
2746
6538
1378
1138
4493
12
5779
8167
3693
8513
3146
7289
1524
601
8391
3281
1473
9521
5444
6972
8731
3941
5275
4163
1881
1822
9100
9290
6060
6300
9837
244
9260
309
8196
5348
9577
2937
6906
2317
5399
9430
8611
3586
8663
4568
3507
2840
8581
3460
5593
1362
9174
1098
7559
4651
4682
9032
6966
1624
6057
3240
9781
33
1560
3877
4013
3438
2806
8071
2421
2374
2205
3203
2441
963
302
8179
9829
9920
2089
5662
9802
6395
4776
5044
832
3257
5628
8232
4906
3468
8518
6260
5395
9687
8559
3550
1731
8400
5371
6372
7168
698
4876
90
9403
9051
1385
2856
7336
3936
5387
7074
6518
6437
7560
9077
76
1843
3274
1237
7355
6216
531
801
9840
3992
2150
4437
9474
5380
937
4281
3250
3320
1315
6146
9914
6519
7302
1892
135
7603
3380
4130
2829
6886
101
6961
2002
1308
507
8726
6814
5515
7098
3837
2499
7199
5762
1656
6256
8889
639
4195
4559
6841
2802
4598
8135
2737
1925
5050
3813
7271
4694
3422
1478
4598
1620
4879
6730
4563
6403
5011
9085
8860
7457
4125
6774
5401
7621
6202
306
2569
513
3740
8772
6439
7261
67
4196
9639
4323
9642
9324
2892
7892
9352
2685
7573
3998
575
6547
3885
291
3832
6531
5877
87
2252
2020
8862
2662
5913
2459
3093
2955
3154
6051
5342
8976
3925
4125
1161
972
9000
9462
3419
6337
5016
728
9583
9393
4815
8753
9837
2751
4735
1100
3851
870
6307
3076
7564
52
9702
8169
110
4375
9919
2016
5202
4366
1967
9033
4725
1026
4497
462
4489
6301
9842
4127
2804
6191
2967
3767
346
8452
8748
7618
8937
8337
4996
5710
6080
4880
8116
9840
2620
1989
1359
4901
4988
6981
5600
9880
5283
2913
3109
7599
2146
6309
7658
2680
9310
6198
1808
5579
6623
5491
9799
9907
2619
787
9410
2746
7251
3152
473
5415
399
6498
8001
7656
5971
3330
2790
262
3387
4260
1214
8896
8596
1127
6125
4546
8503
4426
8361
6512
5841
9932
423
8450
6995
3589
9355
8082
1925
400
3455
2425
5405
8187
8772
5978
8639
3624
4970
1765
6665
5685
6068
8802
6143
3367
5557
1523
1310
5152
1852
997
4200
4708
1375
1328
9921
4295
4226
6700
2266
1255
7318
7390
78
9429
9413
6474
3843
3001
8013
7311
1893
6352
7203
5404
2985
155
3736
1713
7178
6893
6348
9969
5651
8
4569
3111
3203
2017
5751
3302
3780
5222
6662
3843
3877
2094
5050
845
4589
5066
5696
1357
3852
8934
5918
3913
5370
2525
7104
4092
731
8133
8905
1530
4997
1699
8973
4479
7488
4256
9140
9321
831
5901
4518
7022
225
4666
6507
5953
7458
2571
3351
566
6970
514
6346
6972
7062
208
3619
2457
245
8174
1388
4816
1986
3641
9388
6566
6970
8907
8488
6278
265
3532
5228
9651
541
9423
7264
2924
2979
3420
6145
9856
836
6619
824
2866
4015
5051
8
1582
3788
3902
5351
6070
4597
8967
1230
2279
6338
331
4490
3275
8544
6989
147
6749
9704
3616
3582
831
79
8686
42
7120
5463
5662
5460
2948
6565
7817
3857
7756
5416
1292
2633
2999
535
1321
2190
51
5646
9922
9381
3456
8129
567
2666
641
3770
123
4978
5089
8013
9708
9749
6050
34
7970
5133
5368
9126
3632
2565
6717
2388
8724
6248
8564
9994
1901
4882
480
8418
3751
6482
3966
9587
7416
2035
8068
7269
3987
4652
5605
2293
4484
2286
8889
2448
4261
5872
8069
2657
678
6860
6269
9864
9317
2187
5971
8493
2396
7070
4167
6782
9053
2173
825
7051
4062
3272
374
6917
2361
1915
3968
1170
888
5344
4835
8416
3299
2347
9600
2166
9937
2041
2750
8372
9118
7062
3521
227
7909
4880
7610
2805
2410
7956
4867
5681
8809
892
719
9937
4296
6992
9886
5938
5933
8698
9
2580
1678
9587
3439
4358
6182
1903
3481
2773
1617
5432
3027
8169
436
2277
5159
5403
6884
3006
7930
8325
3999
131
3820
9139
6130
8096
9429
8872
9890
3039
4345
4077
4567
6151
4436
1668
6163
2081
2514
6170
6779
2389
8412
3950
6811
4440
8750
1588
6275
6161
2992
5137
3306
3223
2954
55
8331
5209
30
8411
2272
7618
8470
6542
6782
2759
4684
1127
8118
1255
7917
6187
9184
6314
3411
1868
3312
1836
5801
2153
1017
6291
495
5880
2210
7801
9313
1447
5205
1550
555
1735
3902
7195
3656
2450
1262
680
4537
1767
8356
5644
5713
303
5250
4025
4821
2456
7547
9974
7194
8346
6479
4185
3909
6087
5541
35
1165
3253
4644
6791
1228
5355
5222
9054
2097
3779
8285
2811
1832
4778
6170
2578
61
6452
7030
4927
8358
5989
1698
7347
7502
2818
293
9731
9713
8038
2292
8101
8811
1225
652
8375
4615
6757
3545
4854
1360
354
3680
9186
9578
3546
3658
6754
9042
5418
6535
254
1185
5178
1203
838
4562
122
5512
1234
2626
2982
9563
5828
4127
2544
6048
9054
5237
1790
1155
7472
8818
1872
6032
9681
1341
9016
9473
7309
1685
3350
7813
9018
9803
3274
8676
2145
5697
3446
7182
3694
859
4727
7413
2477
5569
9749
4351
2813
3761
3116
7059
1925
4221
9895
9029
9365
8041
1262
2523
6894
2351
6786
406
2927
186
1769
1518
4795
6899
9741
1012
1598
9368
1366
9101
974
3228
7823
8237
6052
312
1932
6738
7258
7958
6205
6424
5800
8697
3023
532
6284
8495
9613
2358
5773
5880
625
800
7877
9250
3155
2865
2282
7193
4460
925
1897
1942
2515
1053
5358
2752
6245
682
1441
2105
9316
2042
5901
567
9331
532
1272
7422
3054
9471
3130
241
4335
5873
1000
1652
5849
4504
5677
4562
2857
7745
843
8944
8057
3418
8926
9654
6957
4735
5187
1190
6418
4376
7770
9877
2153
532
1082
2751
5028
8801
7247
7605
9161
3484
5780
3545
2742
5558
1067
6632
6793
3254
3427
1424
9547
2746
7585
3230
3444
2049
6669
6853
8949
7877
9247
1554
4446
3023
1563
3333
4664
1345
4517
2056
1306
70
7588
737
7166
5021
940
2806
9260
9533
4944
7776
9826
2882
9247
2666
1477
5858
6625
313
6483
9714
2569
2504
1074
9013
2982
7722
8619
9541
4169
4262
9769
7241
5894
5651
1599
5981
3272
6546
1296
9343
9253
416
2494
9087
962
3930
9092
1849
9055
1464
8722
9027
9028
6424
785
7653
5424
7864
9494
1293
3792
9703
2252
4355
408
5555
9836
6112
84
2669
3150
5452
638
4034
3521
476
9315
328
2688
7716
6930
8866
6547
379
5158
5384
2553
814
1012
3531
3789
2100
8768
5730
9901
1352
6012
4174
280
8466
1483
4418
4662
8965
1078
8088
9727
1209
4481
6824
1365
1880
2011
6778
3481
2787
6562
6424
3109
1732
3643
6329
9045
5640
1280
3871
7886
6176
7520
5214
8122
9724
1079
3502
2466
6244
1654
8411
2740
9627
1945
8925
9381
2887
8035
7926
2571
7604
5552
7554
4002
6042
9450
3196
8200
6376
2975
9311
6499
2492
6729
6569
1452
566
1468
5426
2682
7579
1359
3258
3319
9762
2709
5954
8453
7749
9005
9708
5590
8177
152
8707
9893
1874
3561
6196
7371
789
9243
5194
6338
1989
2142
9416
6867
4419
1565
6978
7866
5861
81
8627
7662
391
8665
5427
5316
2700
7325
4683
3648
9244
7882
9558
3517
9462
3884
1537
9007
1683
3782
5506
9417
8209
40
7891
7690
1852
2496
7253
70
6591
2208
2480
5203
2896
194
1229
3044
9522
6907
8451
7385
837
8152
6592
5423
3993
2502
3264
8758
8367
5147
4895
1855
3954
6439
4528
5069
3616
1187
5062
5789
3258
2798
5677
7101
7454
3694
1653
288
3067
3010
5545
9552
2470
4521
1575
347
7423
4468
7864
44
3203
6101
4159
9632
3810
7360
5060
5579
4293
4417
6760
6808
4154
8365
3892
4601
4134
2623
9026
830
903
7107
6298
5025
4194
6414
2585
8590
4172
2617
966
9047
4710
8808
3831
8478
9593
3542
6360
3180
9575
9996
4493
3129
6418
1081
4198
1284
1017
1495
9823
4897
8721
801
8087
443
9803
4747
2685
6768
3107
6880
787
666
8575
9338
35
6665
4131
3042
9242
5669
7321
7588
6263
8158
4946
4581
4194
8885
4019
8922
3020
2658
7976
5429
7040
5980
943
6375
7342
3956
7495
295
4899
7198
8997
4154
783
5832
1984
7928
8199
2843
8522
9464
8807
8475
4529
1414
5129
2252
8487
1452
6047
1541
1052
200
2295
6639
4125
8865
1101
8580
5339
620
2699
6854
9769
8859
3554
1852
854
8792
4344
3241
9537
4149
6843
311
5056
9088
9315
7694
9246
640
4607
7725
288
9888
3975
9242
6622
4250
442
7934
4352
1024
3476
7961
1814
5722
4536
8457
5508
6436
8940
2242
1795
3834
4943
1453
9430
8034
2761
4737
5793
2884
8378
3762
8535
1987
8380
70
4358
5077
3159
5501
1123
2795
3209
66
6680
7703
8614
755
4037
6408
3813
3131
9253
3025
2309
1428
2426
1567
1940
4597
8107
9509
6985
3400
6350
5541
8010
9315
9085
3929
7770
551
1947
3532
4136
9134
4307
2896
8232
1210
9007
4609
5724
9949
7648
5883
5808
4738
9123
7375
9316
2348
6076
5305
2472
1982
8281
7569
8763
9797
227
3265
6724
8879
5288
9208
6473
2306
7753
4998
9104
9364
519
3278
7358
8789
2967
169
3707
2346
9083
99
8219
8545
479
7471
9299
5123
3858
2360
6807
5304
1852
5454
3986
6775
2804
3658
8942
8931
3284
8759
2961
8569
6210
7333
1770
1017
5843
6127
7835
451
5578
1371
3911
1126
3174
4355
6746
7236
9148
6724
3349
1399
9904
3583
216
6386
3119
4385
2865
7330
2863
9885
6400
1478
9618
4542
9004
3923
1393
8156
7893
2926
1097
321
4669
5430
4654
3474
2957
5616
1085
1190
9908
9516
3689
373
2793
9
1423
9
21
4828
4272
8882
6362
5273
6913
9117
7850
8876
8654
872
2909
605
8097
8127
6038
971
1607
7061
950
9130
1934
5111
3152
4323
7430
7577
5312
4888
3747
8757
7383
737
1588
6335
3060
396
2449
7290
3020
2232
6035
339
7929
6101
6056
2906
4822
5214
6581
5027
2390
3225
5932
4422
9920
4013
5329
6704
4224
6463
7167
8886
5380
2296
3873
9788
5691
1029
6833
1652
5539
1609
5890
5074
7711
9607
3850
6532
1512
4608
622
7247
6284
9662
7332
6601
6839
6163
7849
3450
2322
6512
4511
6494
4913
7779
5059
9931
889
9697
2912
5833
9417
9781
4336
7495
2974
789
5659
3203
8897
9141
84
8484
1688
7078
9865
1001
6566
1768
7339
3260
9871
3234
6551
2827
4684
9656
9113
4415
460
8531
9460
4488
7859
4588
6247
3103
7917
4612
2926
6219
9383
9088
1301
7403
5561
8059
6277
8948
4300
1265
9318
1495
3561
9657
8151
5170
7095
1839
9359
2528
2981
9626
4859
7021
5111
3230
455
1019
5558
9025
1902
2116
1038
4833
1047
925
700
6370
4839
819
9137
3100
8891
9281
3841
1342
3367
4854
4231
6077
2719
6062
4968
4535
7116
7790
2628
8887
3176
3115
3106
8300
1615
1765
710
2480
7155
4947
5973
5753
9137
3463
5400
156
1405
4365
8635
1654
2679
308
7074
7135
7500
9540
1913
8529
2959
9419
5210
313
1941
1516
5608
4522
5176
831
5683
4372
3962
89
8596
3563
5724
3355
1652
1328
1196
2583
595
8492
9039
1737
8047
9441
9679
4638
6833
5645
6913
6326
5328
6161
7195
4427
3099
3709
8433
3909
5814
3724
1062
6916
2716
9404
2986
9738
4611
1530
8798
2096
7779
3710
1909
1341
1054
200
7341
3513
2721
6526
4979
7032
6317
535
3144
141
5296
3574
3933
103
7914
3953
2982
1284
1772
7999
6734
2598
1433
6583
5237
5423
9137
4700
959
9128
1799
2038
2451
9370
8237
2843
5686
9805
6553
7223
4609
7025
8307
9563
1817
3030
9429
2931
1579
5214
8442
7217
5286
6391
7444
5909
8373
5461
8649
2810
5860
7450
8045
4861
4750
7566
4134
8863
5515
150
6155
2050
8737
4123
710
1907
5241
4110
6386
3861
7870
9939
2692
3275
6721
9554
1068
7002
2873
5513
9417
2030
7465
6129
4065
3773
9200
3435
7286
2511
4272
8044
8225
4157
9703
6809
37
4222
2626
5115
5111
50
7029
364
7135
78
6044
6588
3779
7380
8277
1324
5476
4359
57
6093
7093
2970
4524
5787
4396
3835
4087
3708
8862
3821
7499
8529
1561
9172
6021
3830
6372
5755
1847
4860
7819
4284
8120
4002
228
6724
9055
3014
7201
2252
34
1929
8603
5285
9617
1781
4666
9432
3409
6104
5300
7738
3546
3649
2729
8683
8375
4062
7220
2613
1755
368
5670
2714
7202
9628
8655
9620
850
5934
5729
411
7580
5772
260
478
7758
7208
4062
3335
7447
5425
6954
6527
9091
2109
1345
1853
1374
5355
2579
2819
3622
3982
8443
1526
5357
1274
4570
1310
7826
9830
4597
3517
4521
6744
4462
5463
8505
4824
2079
4355
1621
6817
5005
3588
8191
400
6944
9050
2541
1790
5783
3464
8799
7949
5867
9063
9511
8799
3663
1093
6346
6292
1919
8267
6446
1996
2920
7689
2969
4701
9356
3096
7969
8951
9616
6154
5812
3682
3240
291
5137
3357
7808
2905
2829
1873
4542
5512
7095
8705
6162
8316
6403
7241
2618
8706
234
1201
2103
5727
9844
2233
9900
3018
1807
8910
8085
6277
3871
6748
8725
2143
4795
5037
7014
7580
8981
2937
5120
3749
2221
6467
4592
6682
234
1910
9091
2127
8675
2677
2495
4905
2674
9396
2429
4583
4972
6271
7650
2651
4943
501
3819
6431
9163
3728
7076
246
3257
3135
8243
4764
8804
9833
3987
1301
721
6451
6265
5206
7971
9444
6107
1600
6713
6985
3517
2839
1859
8959
9218
6828
5301
6035
8589
5953
2612
8401
7845
9728
6895
5876
3230
1854
5515
8528
5157
2505
3947
6734
2605
6705
4473
9683
8867
3468
8242
7908
3424
1878
5817
2649
6585
1222
4464
2730
7260
9115
5110
7193
3077
4529
4768
77
8635
1767
5305
4767
5310
4497
9586
4549
6936
5051
9406
1754
5779
2200
4657
6426
144
9344
5014
3701
331
7461
4076
9795
7849
7985
4038
8769
6971
4869
6938
9012
6028
3193
8065
8683
4814
6602
7500
5503
7626
7190
2441
950
7420
2076
5181
9158
4144
8148
4779
6467
9111
6434
4456
9541
5306
4067
3424
2968
1421
8576
5545
1892
8669
1897
7483
1650
3392
1956
1420
5702
9918
8810
3526
865
9644
1285
3576
2285
6800
6886
1584
9786
1964
3656
9687
9087
990
7184
1382
2218
8858
3695
7146
4839
5915
597
3794
37
4814
2018
8227
4980
9377
9049
3652
7372
330
1199
9349
6088
2630
7177
9011
4208
724
3237
6509
2972
8492
2557
3399
1233
6857
2207
3686
2638
2817
8968
4938
9594
7360
2573
3263
5291
5239
939
7867
2139
1260
4712
4516
7070
9092
1555
2818
8782
6362
5160
2425
1257
3890
6138
2707
7986
7477
6671
9990
7913
5871
7272
1324
802
7197
392
6692
8301
3440
2703
8181
2715
699
6427
7167
5251
1700
8732
6488
5075
8097
4356
5949
2874
775
1419
8888
590
7219
7517
4724
1725
9323
1403
9484
679
8544
8342
5200
356
8293
8554
765
9462
5749
8038
7282
414
407
776
256
3636
8436
5285
2482
5634
6731
8102
7799
5322
8871
5692
8846
1044
9557
2291
717
2156
2786
3992
1975
6535
5528
2218
6625
2093
7776
410
9197
9824
7578
7797
7371
8114
1546
3580
492
2848
4865
2164
7202
6147
3175
9533
1304
8868
2821
6470
3793
4175
3879
9210
5244
1986
6935
8304
9813
9740
1897
5761
1532
2901
8395
6558
432
5173
4643
3663
8253
623
6733
6193
7538
475
8938
6273
1263
41
3308
6502
4462
4595
6243
8975
4695
5035
3293
1423
8195
8539
4861
9078
1680
3548
3505
4591
5527
5079
9131
4629
1316
7657
9582
5032
5851
364
5120
4587
6914
3365
2310
3865
6169
5864
1164
6182
7647
3595
7237
6488
2173
5377
6164
3163
8584
2821
7801
4438
2770
6632
1642
2294
9024
9193
7512
6016
1393
5679
6935
9002
3080
4237
1704
9159
9436
1560
9731
7864
2632
5327
7594
6455
573
4665
4073
5339
221
6320
1504
7928
5650
6448
9833
264
1761
1815
1610
4307
9131
9867
3651
7473
4258
7490
9309
3476
7869
442
8447
452
6892
3791
4830
5051
6535
7727
9151
8332
9339
7549
642
753
8369
7848
3532
7588
3256
6952
3843
2183
3020
2090
8790
8614
3452
8099
2485
1889
3890
6296
1141
7262
5198
6543
5168
5166
5209
2458
1171
9938
7350
2161
3626
1829
9062
6839
1691
9320
1658
2120
5911
5172
3964
596
1489
2802
6628
6611
60
3499
8725
2545
641
6074
9653
7700
167
7991
8833
5151
1324
5091
8094
936
6212
5392
8065
6790
7220
1080
3262
8415
5276
9359
282
4140
7462
5984
6112
138
9288
8783
4594
4831
5171
4108
778
5465
9338
7290
5737
1044
6464
8755
134
1210
425
4574
7853
2551
5302
9093
3189
3324
8223
711
4553
2704
1452
1280
6461
1046
2240
724
5686
531
6979
6674
580
4442
2687
7693
9899
3549
8438
8318
6237
5654
939
6709
77
4356
4821
6341
9158
8380
5061
3823
6341
4947
4536
7504
161
694
9629
6011
6954
3965
2694
7414
2270
5938
6603
8086
4045
8476
9422
9650
3480
4435
9967
7790
7158
1290
2895
4148
4575
1475
3200
4509
2935
9881
687
4785
1674
1099
3611
287
8524
7751
7292
9725
519
6351
5076
1358
338
9243
5040
5890
6611
2687
8253
2038
6473
9839
488
519
9106
725
4039
6532
4851
7594
8103
7171
7928
9414
3657
1297
5760
3454
8805
8221
7543
5029
6198
6253
8045
3939
171
613
220
3446
1589
3060
3747
6780
4084
6360
7233
6632
9934
549
7092
868
9798
6006
9249
6853
9136
8992
5375
1067
6470
7961
3777
176
2035
5405
3244
8474
5333
5567
8546
5876
9287
8745
4035
8002
1909
5061
8404
8188
9020
847
4095
2057
7556
9733
7741
5643
8663
5671
5643
4221
1663
3895
1835
8924
1467
69
3015
7933
7220
2801
2641
123
7591
2766
6942
6332
759
2027
4877
20
7061
6097
4924
2856
1585
3294
5056
485
1011
197
5010
8547
5125
3851
5674
4512
4668
7396
683
3067
4236
4764
5829
7342
9603
7944
4751
9734
2443
210
1476
2013
9236
8618
4955
3451
6450
4674
7120
8758
266
9651
954
865
263
3854
5416
8697
7450
1555
6962
2804
1593
1153
8006
3075
796
9429
4272
8681
7576
2966
1931
1756
6601
5111
3463
737
2077
1222
7238
2577
8429
5814
1331
1318
1440
3302
8913
6688
805
6165
8162
4027
8020
2512
5274
2493
4869
5607
8110
9648
7496
9416
3302
7579
738
6564
9016
602
4498
512
9031
5986
1571
7554
3441
8540
5602
4647
735
2512
3615
9436
4360
6322
2969
2862
4462
7951
3418
2200
4936
662
5016
1313
2476
1950
5453
9744
6032
8543
1791
8324
6779
9351
2343
2163
3921
3611
5160
2260
5587
5607
6039
9524
744
4044
3211
5349
7216
2827
4281
297
6511
4339
2916
1635
2690
9664
4588
8037
1551
4095
1702
9426
9736
6592
833
8284
1212
9649
707
7886
2947
2956
5549
7814
3404
6415
9269
7839
8830
1138
3073
9225
3234
9952
6411
1839
5665
2801
4706
4003
3064
4589
8974
7134
6432
7552
2254
3570
8585
8933
8628
1346
8413
9130
280
3826
2278
1292
2835
5417
363
898
6036
3690
4810
9673
7193
5749
6134
3102
5209
1989
7361
6202
5630
6533
454
1489
9843
1395
6150
4741
575
8469
3060
7803
8086
9489
8710
3307
3061
1306
9069
5479
5015
7131
191
4119
1312
8474
4526
2188
4429
1158
1791
2868
9791
8628
8561
7456
4159
2420
3436
9178
4496
208
6678
4597
7257
2521
1610
1685
4026
119
9350
6130
4755
9188
5319
3524
4670
8786
1334
8554
9831
81
4331
4504
7568
688
4486
3098
180
4390
2169
9129
2462
1502
695
7743
1692
1006
6322
3565
9253
4367
2297
1602
9224
6269
4999
9552
2065
9145
6356
9665
4310
4703
9859
5733
3117
3585
3322
6069
7427
2312
3074
334
4641
6462
1775
2141
2947
5517
7853
6831
1066
428
3447
1106
1883
8465
2393
1324
7475
2003
2726
313
1159
3753
7271
8625
4350
4647
1009
244
3779
3727
273
3750
6738
6060
8107
3166
7882
5397
3205
678
492
85
5210
3906
9262
5639
6464
4135
872
1204
6318
1293
9609
514
3878
1637
3794
7606
9391
4490
4054
9514
4808
9736
3916
6603
8739
985
6327
3235
6754
5119
2499
9125
8811
11
5451
5424
5849
8389
6393
4715
314
8060
9246
9322
1286
4092
7533
628
1492
175
4891
499
7370
2093
1292
391
9167
5305
3898
273
34
9874
9194
5254
1548
6319
7407
2591
2935
8438
7282
108
6556
1276
3898
8543
9574
537
8561
8307
7326
9048
9843
6351
2023
7908
4096
8502
966
9128
6317
4564
6002
7049
1503
5158
7655
2991
231
3121
9711
316
4333
3169
2770
2721
6224
1518
2426
7997
5410
6638
2980
6159
6243
783
6411
3985
2660
4952
5348
2709
9117
9776
8576
4618
1069
9254
7844
9007
1423
9464
5216
1465
1710
8251
5666
8977
1357
3782
6015
2995
1892
1119
7667
6954
181
6115
3275
3286
9347
6671
3020
769
1153
8216
375
5822
5932
3509
1789
6913
551
9976
7552
5762
110
8464
7153
503
6450
830
7868
1813
8021
4842
5724
8666
5231
3509
592
658
2904
5895
2897
9234
7374
4362
6917
4073
5345
7827
5428
5339
4986
7264
5152
5652
3770
4912
1108
6427
4613
3708
7354
1149
1542
5880
2317
4692
9728
1341
9685
6165
5489
2292
7370
2851
8848
6522
7490
6269
5251
6527
985
2113
524
9991
665
9508
3983
3314
4672
7377
9714
5717
7561
1369
6437
4755
4984
7107
4679
8288
3855
4583
9122
770
8681
883
3494
3212
2541
4987
5413
9323
5080
8971
454
4689
2662
1672
8925
6667
1321
7113
8940
2836
5615
6445
3862
6812
5392
7585
3431
2357
4069
6761
9460
5985
9196
1883
8164
9060
6061
1720
6770
4572
6610
5386
5661
7374
5087
8640
3016
155
7859
3743
3652
7495
3084
238
7455
4851
4692
2821
2917
6262
7570
7410
5155
7513
9960
1501
7418
27
556
4164
7235
5459
5860
2807
4317
334
6158
1110
1289
6527
5620
2110
3775
3574
3687
6385
5448
2661
6443
5671
3172
3163
4481
376
6045
7312
8077
6794
4476
2154
325
9445
6671
597
9499
6915
8146
9845
7936
6538
3092
9453
7521
8192
3339
5776
1723
4897
4834
5242
6846
7271
7584
5477
7735
5348
5731
1157
6766
7810
7116
3104
8732
710
1263
9744
3380
8498
5749
1475
262
5705
9946
2545
6248
7184
2305
7804
9547
5057
4644
8167
3061
2588
8069
8318
2998
4033
7794
7855
7575
8228
8681
9562
7325
4689
7026
5357
9058
945
2436
1916
7950
4610
2058
1702
3597
7158
6836
2952
8905
8316
6356
2100
599
1224
6305
8723
4584
8938
1301
9832
3039
4648
2833
4982
149
5406
7334
3599
3016
5256
8462
2386
9502
7930
5143
8927
6207
2672
8781
1228
8342
1091
2484
1189
8084
5883
2948
355
2096
7468
7764
4128
9210
7108
9386
4097
1588
1476
7724
6421
891
9545
1009
4351
5406
8444
4184
5585
8474
9564
6484
2383
3559
8642
4664
1265
681
687
5067
2446
7321
5941
8790
5256
1377
5763
4138
5487
4827
8876
4468
3024
320
7499
5113
8208
7248
7311
3096
101
3169
8681
810
5143
6401
5577
663
2438
5729
56
9445
1428
5801
5500
1090
7826
2229
1006
3679
134
5440
7840
1937
2774
4178
5460
3270
7461
3385
7920
8721
1082
9931
8493
8363
5198
3263
41
1750
4691
7076
3157
28
8743
1159
1918
8067
8389
9943
7257
994
8492
7845
6453
3688
608
6691
622
4338
9032
8690
9859
9412
2420
844
3946
3217
193
1845
2653
6832
7064
5364
4351
9264
50
6606
2462
3224
717
8354
7492
6346
877
3639
7713
3999
2843
1479
6684
6252
77
190
634
1648
1455
1103
4721
6946
7543
1797
6388
9090
6922
6700
1741
8346
479
3111
8102
8026
1681
1910
3157
4073
5037
692
42
4465
6663
7764
2715
9968
661
4387
9440
9731
681
7903
6627
8045
4184
5524
8884
1180
9679
9857
3219
8728
6198
4148
9300
5
353
844
1849
6604
1550
5407
532
844
9121
7677
9496
7882
2774
993
4539
3371
9075
5229
5944
1808
8290
5014
7127
3655
5732
2041
4053
4266
7214
6025
6043
9508
9455
3956
9954
4220
8751
8875
1906
69
7957
1268
2035
9665
7195
1760
4523
675
3466
343
7937
5978
346
9642
5677
5080
5607
5447
1822
2720
8526
8732
966
4251
6326
8057
5775
8977
2256
7464
8383
7463
6903
8908
7723
8030
3533
1415
2393
3954
4950
4994
975
6717
7811
9302
2978
6732
2201
316
7929
2967
8424
1463
557
7012
1149
8777
2060
8575
8260
9062
7908
674
6942
2047
2031
7080
6092
7575
4448
9670
4950
6941
3948
1191
5312
9257
3641
3887
5144
7470
2936
8465
2522
7894
1313
3486
7591
4642
7679
5539
4426
6412
7041
2254
8113
6886
9793
2434
2929
6317
2274
6433
9364
4630
1794
366
367
5129
4585
5673
6056
5287
2066
6836
9866
8190
6270
1575
2786
2120
657
9953
1084
483
5962
2599
6598
5160
910
6922
8729
5115
8336
9306
2147
9944
9399
8282
8414
3874
8791
3650
6030
53
1322
8917
1589
9062
4657
1411
3752
6867
9203
9210
2893
647
6130
7080
5116
2156
4173
3408
152
3036
5632
5718
7238
7954
3642
688
9953
9287
8067
1590
4991
5729
8493
2215
1415
934
6498
8831
1830
649
2272
4167
5298
1886
3715
5731
1903
7160
9761
2711
1312
8136
4306
5132
3731
5835
647
7632
1288
2664
3810
3056
1859
7005
6343
6677
784
6074
3567
7320
1900
2634
8421
694
9892
154
3153
7921
4169
9664
9600
9206
7012
1849
1226
1818
2363
6999
1786
5884
9831
5648
2869
5983
7649
6251
2250
8301
2059
2233
9876
377
7596
2210
3605
5835
743
1106
9410
1504
1387
4108
7294
6318
3092
4896
741
6196
6482
7155
3081
4439
2252
521
2891
3763
1078
3026
4380
1731
5676
3383
9194
476
7353
2974
5873
2458
8337
9020
1430
6601
972
9909
4026
5124
2002
1912
2555
6454
619
1882
5145
5260
8749
8721
562
671
7739
5110
3337
5646
5833
388
1378
8485
531
6529
6172
4662
3061
9469
4723
2432
2296
5696
5014
1654
4419
9583
9651
8853
3754
6811
2931
6084
6862
3787
8432
6747
8114
1108
4637
5798
4474
5915
7051
7985
6905
2911
6012
1301
5063
2776
3814
6334
523
1008
4059
5929
1438
6582
2110
980
7809
7570
1656
8796
8693
8938
4486
7610
6302
1874
7767
726
7921
1163
7915
6300
6474
143
5748
4341
3370
5617
1878
3428
4634
5565
3025
4019
4183
819
9515
7556
2721
4766
6848
2233
3230
9084
9465
415
1995
2128
1112
4391
3754
4928
5370
1362
7259
3911
1805
2272
2112
1683
251
9212
4368
3512
2058
7475
7387
2096
7326
3481
5701
9258
4005
9203
7799
3997
9127
5558
8768
6554
2128
5423
7738
3622
2239
7973
8151
8805
6606
968
3894
4046
3893
3866
7506
2260
570
8388
4917
7240
8764
3322
4694
8774
7395
4940
5904
899
690
5148
9799
4510
9111
9271
9938
6434
8627
3532
7960
4855
8394
6906
2641
4040
7840
5801
4882
2453
2449
5820
5650
960
8686
4212
5836
4964
6528
4964
8647
4650
2638
3825
5787
6816
9102
5695
9831
7267
5402
4721
1848
6150
1158
5497
2332
3879
8845
3193
5909
6085
3938
8303
3378
9467
5825
3372
2039
4638
6279
9147
3866
8712
7113
6293
4393
9309
8654
3606
320
2299
3922
9111
9981
1272
6454
60
6227
5999
9067
9937
3342
4596
381
8445
9419
1244
5500
5768
5774
51
3589
8471
1316
1680
7055
2206
9658
6568
9974
7699
7896
3265
8719
3113
9030
7369
152
8907
2498
743
8809
8247
2665
5775
434
69
5557
6731
329
3372
8169
6732
2923
3464
4476
3178
7872
6425
7294
8969
3463
2034
9508
107
7671
2320
6714
8366
1165
2263
689
1642
3531
2320
615
5896
9066
6044
9952
1138
4021
4635
6490
2493
382
8056
5528
7685
7192
4465
8649
8847
8165
7383
5854
9903
6327
8753
9896
519
7764
2971
7482
6395
4357
2561
145
6075
8737
9490
8418
945
212
440
4162
7804
1380
8231
1395
8271
5953
8626
6760
340
6463
2156
7466
4225
5855
1104
4663
6795
5379
7118
9920
4732
7219
5968
8067
4403
4302
2183
4248
8972
1628
5610
8181
7716
1115
8893
4578
6055
5317
9156
5102
5254
6557
5884
2284
2331
301
8730
4183
6052
4884
2159
9753
3759
6645
6250
3105
33
2147
4392
3943
8674
4615
284
9984
9206
412
6372
2605
9152
8188
7504
7385
9280
5149
2947
4896
2254
5307
1544
754
6437
2445
363
1820
3413
3074
6101
2111
3340
4084
8286
3039
9422
3043
6760
1356
8093
3782
797
4968
3651
2513
7679
2870
3359
4247
2722
5434
3057
8031
8951
5563
4533
8993
3253
3586
9866
3874
9291
8620
1727
465
8327
4370
6131
1288
500
7146
4427
5114
3608
4746
3133
2883
7523
7908
4009
3215
9743
3678
8996
9433
2504
8294
2795
2241
4555
6015
9249
5148
6038
1367
963
5046
6941
7755
2907
3319
5240
7676
4731
3769
9348
6485
7306
9113
2712
2638
7727
3949
5302
90
3204
7026
2850
222
7689
6443
2254
6444
8710
6256
124
9347
619
3313
7163
4788
603
2812
9805
5154
3367
2615
110
9531
9899
213
8081
1449
5705
7353
3244
3432
6626
4613
6938
7704
3694
7036
9854
4823
1577
1773
8884
2108
8360
2463
1834
4249
1742
7189
5253
1404
5011
7003
7264
969
5517
2481
8851
5754
4457
6103
5332
9724
8571
8426
3172
1604
6717
6722
3288
9125
9286
4920
3353
5602
867
5578
8542
2444
5206
2289
3994
5778
5065
1172
8592
728
8969
6181
1925
4961
5250
8532
4629
6350
7667
7507
5613
860
8721
3404
6000
2555
6045
8868
2883
1036
5717
9173
6492
5933
9180
4913
8289
56
6760
9337
7814
2898
5025
5245
7620
4445
2705
7100
7095
4811
2636
9380
4050
4224
8712
7488
7489
2914
174
7268
6225
3970
4732
1701
4362
1084
6327
3353
1330
3993
9688
9873
3126
9712
2447
8027
4541
3893
9907
9317
1203
9138
5831
8036
2977
8317
1632
1403
9068
3665
1669
1788
9798
8854
9423
7193
6811
4487
9224
9318
3534
5392
306
7556
9474
7124
6080
8452
5330
1202
1609
1729
2941
3922
5687
6508
5221
4948
8809
3473
937
3076
9550
6990
2817
4566
3729
5470
1244
7580
5394
5149
3687
4827
2315
4145
874
2138
6521
8461
956
9843
5210
8416
2189
2493
5454
1974
9177
3150
8283
4208
6476
7029
217
1307
5113
38
2258
5044
7633
8192
363
5871
8887
8029
1280
8331
4685
6317
3611
9909
7766
8728
6529
2382
4891
8088
10
6965
1448
276
9767
1551
1139
8310
3681
8055
2563
9668
1901
4349
7922
1513
4615
3461
9349
5703
706
6669
6647
4343
2320
9288
5071
7918
9425
9862
4340
1335
5124
9473
2999
2183
558
2526
4593
1046
3474
9197
4373
3682
7130
9465
2970
842
4426
5447
7894
1791
435
2019
6322
5327
4522
3639
4061
8460
1340
1688
6010
657
3096
5288
2468
577
1057
4708
714
3715
359
7110
5705
3626
1056
6952
1901
8964
9158
3322
6541
6697
9634
9267
1751
8336
1601
4657
1309
5729
7656
2005
6655
9755
5061
5346
5438
3468
719
7228
8082
9145
7895
2199
4416
9572
4464
866
8314
2999
5081
1520
1091
5782
4225
2729
4965
2302
8726
8043
8503
4459
9091
7198
8978
4140
5879
6085
9273
8894
9834
216
7260
501
7285
9623
2727
1037
8787
5293
9084
2488
4342
645
224
2969
3387
1560
7709
9300
7578
358
2395
1913
1582
2689
8097
1651
2549
5316
7230
8354
7027
7961
2371
8839
5695
203
2373
5743
8505
9463
286
3883
2237
9022
2673
6534
5063
5287
2000
508
7269
7674
3490
2260
66
2256
8908
3969
3723
2120
5287
7104
7072
7187
667
2262
775
3711
6053
8346
8920
8705
9264
4822
9095
8648
3445
3183
6655
9119
4120
928
4264
2169
6481
38
276
3826
8596
4225
4149
7228
416
9698
3416
4453
6371
874
9137
228
5650
3127
8171
9705
7252
8937
4191
3664
5077
9812
8839
9878
6855
8916
5051
3927
8755
8183
5522
1989
6209
770
5957
1993
2836
8807
11
6455
5658
1840
5641
4118
9680
946
2678
964
4152
2665
1355
8238
4362
46
3599
3903
8918
6579
6944
2461
1294
8767
2355
4785
2231
8310
6994
8284
2394
7509
4722
1958
9419
2870
6527
5727
7561
4089
9004
5234
9199
2987
3248
8294
9668
1636
2453
312
1837
3654
3855
9512
5009
2337
5885
8789
6430
7880
1841
3435
8070
3939
4280
3135
7062
2810
2696
3865
5939
4774
6126
9454
199
3056
7929
6393
9945
1389
1370
8426
4851
1436
1542
4843
9684
5253
8480
6252
2097
5058
8415
7482
7425
2678
8808
9153
4162
175
2345
5483
285
9103
23
9683
9023
9087
7352
9566
6104
3418
9477
894
6470
6316
1247
9048
2353
2920
3492
1683
9714
1394
777
1805
8558
448
2862
1669
2180
6987
771
5066
632
7134
7080
1403
397
4337
1480
1990
808
3662
5521
5386
622
457
2285
8315
5385
9854
6481
689
4078
1894
1744
6485
953
5174
3109
4768
4806
7592
3642
4857
3878
7037
2680
5754
2199
9884
751
4931
1140
4799
9844
594
2418
3286
7562
831
552
6314
5992
7232
4320
9587
6988
5942
9522
1305
8280
7671
5883
5387
9103
206
4965
1324
2719
6053
1024
8975
7393
5334
8082
4583
4285
2625
5420
7900
3788
9032
201
5037
5728
3555
3875
8165
330
8750
1581
545
1546
8605
6950
2001
8752
8002
3418
5326
231
3298
5382
7956
1461
9457
7772
8126
3748
5802
1944
4862
8621
8539
2803
8293
8032
2457
8073
3239
6201
6267
4532
3870
7600
9714
4736
1601
5386
7850
9942
8204
5811
96
5489
4282
1856
930
9210
434
2476
552
6342
5506
3534
7451
9707
4740
4146
3297
6866
7240
2618
2391
1429
664
3351
174
7263
8161
328
2779
9768
460
3635
9138
1937
2781
12
1923
5552
1485
5714
7300
359
4057
5781
5455
3538
2214
3241
5200
5183
4780
6298
3544
4243
526
6005
9738
8419
6847
5872
7555
9038
4180
2322
7304
2370
5475
3504
6893
6138
560
1100
419
6021
5138
2003
9320
5669
7887
4421
9232
1728
4804
7215
5060
3260
3514
898
5757
6429
8488
8014
8729
4236
6574
1262
5707
6580
2744
9554
1215
8134
2287
8356
9347
8475
9626
2994
7622
9417
6205
5917
2404
9631
3648
3530
9114
6958
1543
578
7679
9190
748
3485
5743
312
8369
2878
1831
9081
2501
5402
6392
3237
6350
5904
7665
999
3462
4043
1498
9846
6380
2075
3685
2931
7224
9189
6844
7659
8285
3112
8263
9564
8629
6389
983
5369
6985
8341
3946
1323
6268
7205
2002
794
5454
9546
3911
2492
3085
2765
2836
7764
7005
138
3597
745
7954
3463
1605
185
7571
5891
6962
8319
9641
4085
1934
6381
1867
6202
7403
5834
8060
3783
9480
9351
7641
7546
7655
73
8446
2244
6995
436
9402
2889
4195
9012
2554
4547
8097
1542
35
674
9536
9679
1546
8647
1530
9249
4830
169
1744
9643
8423
3557
4241
2988
2893
3228
9142
6192
195
4373
5208
6257
6608
4109
7748
7502
7862
3055
9035
6730
6663
2410
6978
9562
6565
2382
32
10000
2077
1052
5694
168
9186
6143
3358
4619
1761
4681
7519
5971
6344
4200
1005
8563
7985
1355
5254
4647
3170
3626
3861
4018
4634
9780
2782
8787
4132
6360
2752
4570
4653
4682
8920
1739
1544
7153
4781
3554
6523
7246
457
7135
5458
9179
4611
5070
454
2536
9942
6394
849
72
8927
4048
5838
8638
8064
5656
5270
3155
790
7693
4057
9121
3395
4093
4058
3110
8595
819
2275
8324
42
6620
6785
5923
5334
2181
9385
1646
67
1428
2074
5230
1882
128
5550
8910
5120
6448
3087
6437
3330
6644
5081
1652
4240
6007
6190
5310
4730
8584
6831
4366
8695
1073
7423
4769
5326
8490
8382
146
528
3756
7722
8075
5927
6648
2131
7571
4932
1198
809
7593
8925
8286
9537
8042
77
8607
5214
3351
966
9451
6561
346
2141
6918
1526
9302
6439
1810
9957
1931
7963
4828
3023
8605
1290
9665
2845
2254
4954
8850
603
7578
9527
9638
7238
8578
74
8486
3443
1903
7337
3198
891
7220
5727
5899
1548
2487
316
794
4244
1736
3084
9442
2337
3572
5244
8988
3412
4413
8689
8595
7787
3554
537
8588
4991
6927
6546
8672
2188
9013
8217
5495
8374
8646
5408
5470
8899
8893
284
6805
2252
307
8300
6811
3485
4275
9833
3519
7798
8534
5614
8504
6436
9486
3352
8418
8331
5027
8004
5458
4407
1378
8965
4957
5753
8375
8019
5222
6426
9473
995
9741
5682
5944
2199
5591
4787
6936
3863
7293
5278
7042
3899
912
1424
5767
3011
557
5452
6812
8979
3627
1344
6077
3144
6768
1905
3436
7868
5481
499
9803
3381
3504
5871
9886
8765
8203
302
8285
9412
8144
5891
9594
8185
9495
5880
9348
192
6709
618
1731
417
8595
3476
7571
9729
7239
7942
382
2545
9732
4840
2724
1605
6668
279
8261
922
8966
5376
521
2232
7700
9397
5850
8204
2853
3549
4419
3461
6792
7490
2654
4555
2468
8919
7933
9755
7470
494
1220
2687
6243
6819
3113
5209
3714
111
9262
7000
7036
7366
6900
1880
5648
98
696
2838
9801
8736
4994
7896
7629
5296
7276
1339
7562
5110
1585
372
8960
3990
173
7925
3689
3396
4535
896
5716
2852
7773
1476
4438
2027
5579
5700
4629
3146
6190
4158
286
123
7433
6673
2506
5174
6375
7743
8586
9615
9162
9599
8228
4923
7886
7195
258
7490
5010
790
1455
1983
1043
3509
7547
8872
4746
5965
442
6057
9859
7139
9490
8569
3237
2056
7314
3794
4473
1568
6794
3548
5563
9419
3901
3825
650
5483
9609
4482
8883
7116
9281
2996
9822
9864
6578
5069
75
3573
8385
3838
4064
6121
8150
353
7992
6342
456
2988
9067