10000
8243 6309
2101 2902
8363 7800
7995 3292
2479 3822
7806 6485
6495 1721
1987 5546
4879 2626
6289 8073
1985 6933
617 2085
4218 2076
4771 9356
4343 7172
3292 2013
400 4929
2356 4320
7618 915
6797 5674
2107 5208
5457 6771
9631 2988
7246 7415
1285 7739
3533 6404
8158 3445
5609 2214
3601 2702
640 3680
2542 8454
4956 6699
2720 776
8694 2817
9726 604
638 6058
2299 1040
6646 2974
8008 6486
5709 1926
1250 2530
160 6917
9195 5832
6630 8151
1955 9470
9331 1297
8295 3361
2089 4375
1943 2943
912 1975
9943 2098
9340 4831
3134 7298
7859 1175
7347 9137
3202 3613
1759 106
8123 7525
1449 7335
8251 8072
1105 4233
9990 5362
5655 7024
2623 8157
9473 4785
1276 5335
6614 9208
7935 8830
8477 8509
3709 313
4790 1679
6304 9001
3670 2903
1859 4727
5745 8678
7046 5695
732 381
8690 932
7095 597
7097 8297
1603 3169
5395 4754
9829 6839
9389 7949
6294 8693
3018 1592
1370 4957
2823 7737
754 3485
5917 3592
5274 8485
9244 4319
9521 9482
4010 1833
5813 6514
6477 1843
7418 8138
329 2759
1753 6766
7707 1016
1488 1226
5185 9158
3866 8023
9713 1430
8935 4881
9815 3236
6960 4618
2353 5238
1168 9747
5920 1446
6560 4354
1677 671
9632 1648
5620 6668
3068 4943
1334 963
2279 7930
9095 7688
9820 8629
8358 7862
8406 9414
9309 390
4835 9938
6130 6256
6069 8688
4700 128
7642 5354
5513 3418
2699 6128
7106 7255
2034 9041
8625 4843
1156 182
471 3012
7037 5963
4701 2252
706 2234
2507 1817
7353 5654
6964 2436
2029 9977
7055 8376
8264 2931
819 6701
5548 2678
8184 6761
4154 126
8380 5693
9680 3150
4339 6217
8629 6547
238 1090
8248 2150
2625 8884
4827 9984
765 5245
4193 5865
8158 961
7299 5058
1468 6362
4217 4572
6283 1348
9968 3295
3960 3025
9599 2615
261 9148
6974 7314
6969 6996
8958 678
340 8141
2446 9732
1805 5407
7290 2623
4216 7137
103 5912
604 3360
7559 8580
2704 3472
1924 2790
426 8677
2096 6650
4706 8398
2205 3270
6615 3970
7604 9712
7161 6229
6206 2238
3996 4870
1287 6311
8337 515
1572 8146
8157 4278
8216 9714
3433 5106
9990 6200
5202 3092
900 1720
2753 4570
3396 1057
8338 1878
6749 7764
1973 5777
5416 9343
1886 8946
2105 6085
2683 2548
6902 8940
618 4118
2989 5632
4679 8943
4311 6767
8026 7725
3832 5327
5172 4704
9184 7164
4629 4134
3726 9362
1700 4898
4849 5726
4342 955
7481 2689
6904 5825
8636 9660
5836 7097
5648 8063
7980 4825
4656 2766
291 4821
5338 6603
5530 7295
378 3654
9011 2138
1731 6093
6807 2681
5574 6427
9435 4410
9373 7791
859 4869
8179 7047
6354 9798
3127 7894
119 4730
4709 8818
4604 4890
6760 9881
9997 9814
3042 6920
2608 5275
599 3421
1404 547
4369 1197
7039 4764
9297 2771
2921 1159
2896 9613
8599 9794
6307 4940
7685 4390
6611 7317
7203 2700
4074 7316
2768 6407
9574 2129
2003 7308
1878 8361
942 3365
3566 8306
3485 535
1278 3520
5116 2182
1786 976
7976 5962
6651 6469
9543 5195
372 1885
8945 1505
5177 5360
2558 3674
1058 4148
865 9657
7110 3196
441 6532
4694 8267
9352 4438
8779 1498
9477 129
2509 8453
1917 6606
8038 4661
947 5265
8170 1293
7450 7709
114 917
8619 7972
2647 615
8191 9819
8173 2956
5958 7348
3140 8247
1485 8588
3408 7230
8980 7387
3191 2792
8570 7131
7866 6733
3160 2509
1903 4509
2623 6731
4937 9235
5273 4414
2573 4847
8026 9515
1649 881
7468 253
4365 4357
6800 4649
6861 5673
6462 4841
4899 7819
175 3866
2700 335
3930 6641
6591 3631
9140 6340
3338 6954
8247 2348
7478 1560
1198 9405
853 3163
8436 2450
2347 5413
1671 4955
352 8703
812 3308
5538 6986
8166 3182
2801 213
5252 7840
9146 9530
9886 1448
8287 8788
7727 5357
4251 2802
3402 6418
1996 5694
4548 7925
3542 3271
8614 2186
4144 4236
250 619
5107 4951
4610 1157
8297 7519
2596 4291
4112 1053
1595 7050
8459 2496
9790 9482
4120 1437
5957 5520
8734 1456
3936 7075
1180 9423
5680 2980
9194 9928
723 2359
7926 1618
830 8746
6880 5250
5054 5625
6665 4199
9021 1475
3949 238
9777 3147
9293 6510
7450 5676
2769 2917
1508 3997
1631 7455
5313 4398
6383 3009
3931 3492
559 6820
9936 8929
2444 9300
1573 7327
7806 4953
8304 9778
8955 2865
7751 7016
3650 197
1842 2339
2018 7127
1858 837
1678 4800
8402 8644
4058 4461
7436 7911
6912 673
8205 2556
1555 8599
7283 6990
9753 3630
3257 9238
5288 6075
3971 3247
1235 2157
7778 1489
8596 1270
4774 6506
2532 3930
267 3111
5900 5732
4262 8710
9000 8129
6499 2626
7668 9216
5983 3478
3010 9573
2270 5826
8720 3648
8550 5954
6469 7152
7474 3983
9428 4657
2786 2111
8398 1339
2949 512
3733 8991
5563 2589
5361 9270
132 3271
7930 533
7595 7798
4463 9436
4054 3448
258 5136
2459 3026
3478 9844
1891 6807
1285 3205
967 6772
2963 1359
7610 2470
7539 3376
5204 7568
9399 258
1161 9680
8359 9448
8109 9300
5747 9835
3073 386
5540 8248
5056 6425
8962 4883
6975 7173
4902 2883
3412 9517
262 3931
4202 3279
5219 1206
8237 9488
2730 7051
2702 9428
5429 5004
1285 4987
5489 5701
4287 8073
6853 8230
1434 8606
5626 2295
9758 1347
7472 4686
4121 2150
3708 5129
7965 1163
150 549
5638 267
3510 971
3721 9388
8825 6306
3662 3222
6651 3807
4700 1196
9690 869
2227 3454
6446 5269
6004 4398
6514 1180
881 4363
6048 352
1715 8532
8599 5863
3526 1665
1300 3164
9468 5936
8009 2263
6052 2133
5035 9543
4370 3225
6282 9752
3978 5917
5712 7452
1170 6548
5906 156
7941 7976
3353 1059
9020 4333
4642 9973
2301 3135
173 1110
6248 6610
6745 5130
2444 6552
2474 3330
8519 4794
647 9056
2055 9996
9911 3950
4537 9505
8302 6029
9364 5242
4397 6918
2732 7681
6968 3901
4892 4991
2586 2026
3181 2857
4597 8980
4338 9217
3309 692
1614 5734
5860 5808
5995 4038
6351 1417
3034 7614
2373 1764
8355 5236
5753 1508
8725 5426
1994 6858
8460 8404
7226 2152
783 4764
6242 941
6557 6454
2878 4705
4525 3272
9273 1067
3531 6846
1570 7550
7103 7760
8383 6365
5496 8134
3609 6318
777 1417
3625 9331
3057 1247
2135 8892
9605 8879
1379 3988
3896 7509
3235 6145
3030 2848
8374 5295
2880 3568
784 6580
5961 5794
5880 2232
8273 5054
177 1309
6605 1258
5132 7004
5210 3002
659 5794
7091 9904
6298 8398
9847 1152
9430 4401
7486 3386
690 8619
2762 5433
9111 3635
2893 602
2338 9392
7710 8198
1787 2651
1308 7038
4160 2223
7669 1161
4352 7150
7488 2008
8553 1929
8445 5747
8571 8716
7449 5954
8080 4748
2104 9240
6713 469
8725 7670
9191 8387
4761 3716
1728 1032
3825 2196
1992 2459
2601 9664
5164 536
4141 8618
805 3983
1155 8850
2692 7590
9362 794
9016 4196
2990 303
3493 158
3386 6216
9265 984
4490 898
270 8420
8656 2225
430 4334
7130 4710
6594 8314
7409 3149
8295 7893
9483 2289
3238 3630
5724 7886
9644 7345
7186 4797
6342 5143
8936 187
6778 534
7676 2842
230 414
3947 9889
5344 5641
1536 1291
7785 5606
2032 1906
2368 2226
2479 9820
5297 3412
8452 5119
5272 5370
7213 8653
7751 4777
1828 7050
6941 5909
4760 1939
9605 9246
7681 5041
4941 5071
5295 8139
9844 3067
7328 4331
2988 2193
1824 2890
902 4601
2468 3905
4725 5113
5660 1780
2494 5254
9230 2236
2135 5066
784 3002
827 1278
9201 2338
3950 225
2416 650
7411 3948
9650 6454
9995 7479
9990 7900
3731 1688
9240 9094
5069 7667
6339 4509
5140 4165
3274 5527
4197 1936
244 6238
5343 4483
7618 3180
5103 6757
525 8388
3318 1264
1839 970
1711 2455
1367 8694
1504 7482
5010 2617
5124 5745
7886 8760
8567 4516
7635 8487
9400 4457
7328 3695
2180 7311
4994 6207
793 3503
3817 2876
2115 2699
3387 1249
4154 5609
712 6050
2355 4736
7989 6073
1072 5991
3045 3185
4182 6951
3778 4747
5922 3210
4563 4768
8433 4572
1354 6141
6255 4608
8176 568
5577 8131
1181 6880
7898 8383
1050 8534
7408 7252
5009 5306
1011 7666
4892 2145
3024 4696
3407 3603
7507 1310
7699 9949
3629 3026
6636 8100
1399 834
926 2544
7382 2915
7140 8383
937 668
2723 5622
5694 2032
4793 3848
3357 7703
6368 884
7004 5036
2776 1858
3104 6807
2181 6424
6705 2668
1000 4485
7560 2732
5420 2413
9805 3848
1690 952
546 6743
3036 7343
4873 3690
9574 1804
130 7362
4525 7080
4301 1522
5927 3877
3144 6972
5423 5595
8699 5601
5084 5722
156 7422
452 7562
1015 3035
3081 3339
7450 6601
4363 6231
2861 5769
4998 3472
7301 6360
8542 1934
5286 5582
1738 5561
5902 5703
9691 5932
764 268
9994 5300
2906 3224
2580 2041
2571 6757
4874 4287
5683 7126
8322 6705
9283 4837
7070 6263
4132 7892
3146 4343
2731 6725
8303 5336
4434 8847
1264 8426
6019 7950
7954 875
6732 5738
408 6727
851 761
1949 6489
9575 7629
6753 5759
9776 9063
1053 4247
8120 2211
9877 8712
4121 717
9379 8192
9153 3436
638 9641
1910 1924
6389 5610
8575 1050
7623 7895
2846 3270
8220 5760
4010 4296
5711 2477
1328 6327
1171 7709
4022 7865
2132 7929
7577 5362
5752 2044
3288 9659
2553 2957
426 1834
8330 3942
1274 8070
5626 5469
7969 399
5853 8422
611 1143
5654 4476
6100 9382
8282 3647
8986 5228
4301 8212
2482 3064
2223 1461
7592 7658
3108 4309
740 5006
9679 3344
7088 1348
8074 6868
5224 8950
2732 2542
241 9901
6670 1425
7246 8160
2296 3918
2872 5401
8913 1024
7684 5966
7009 6136
1637 2901
2830 7050
7482 4063
5594 7681
4163 2820
9972 5980
6909 7902
6357 336
6974 2373
2141 1303
8482 9026
3007 1149
4843 719
411 7072
3447 4788
2461 2282
8807 2444
1510 7215
6811 5730
1171 611
8860 8276
3627 7231
8167 5089
5457 1585
204 1254
7335 9802
2122 351
8417 669
3875 1167
5303 6484
9854 3773
5274 8333
1533 7805
6130 1687
6979 5718
7649 5577
1911 1352
4998 2467
4516 8985
3838 3248
7012 4112
5368 7368
8315 9757
2557 8489
3034 7680
5501 5733
6963 1223
9504 1011
290 5175
9280 6477
8077 9337
3576 4414
6635 2883
462 2540
5099 4003
3612 6317
6406 1172
3299 6681
742 9516
422 8503
843 1755
8930 1118
3272 5270
7880 1829
9530 2616
4176 1199
4105 8407
2614 6271
9810 2028
3035 7366
7940 580
8229 1111
3788 4176
981 5163
2778 5548
883 828
5321 854
1012 6162
9903 6493
2917 1761
1548 5470
5821 8729
4741 5744
8161 6500
9985 3406
7091 1432
3735 9863
5947 1500
7017 5633
4099 4778
5799 1566
2503 9378
2994 1778
7379 7780
5514 3352
917 6586
5238 8019
4668 3474
242 4872
9210 2312
8787 7650
2288 6078
6536 9017
1898 1343
7950 6210
668 4912
4152 5139
3939 5341
6489 9712
8372 6223
6461 5881
7429 2980
2159 1217
627 2452
9972 1048
1638 1153
3791 1535
183 2541
4737 7647
6647 8652
6069 6076
6110 7879
181 3826
1694 9257
534 3032
3745 6860
5484 7883
9337 7417
3633 5441
9979 8557
2543 4466
3108 6070
249 3370
4672 5248
2404 747
5628 4135
7972 2729
4567 2707
939 1083
3271 2800
3316 4219
8979 9310
5126 5150
8980 7505
687 2157
4383 8403
3975 3821
2609 7057
8139 7444
3200 5276
5325 2710
3920 399
8526 901
400 4143
1190 7951
8019 115
8019 9818
3342 5685
5282 2196
6428 5704
5552 6948
8379 430
1747 6329
9108 1928
8442 3372
9897 4219
8456 5856
6512 5751
7612 2654
5313 244
5680 1878
3375 9243
4038 8933
5424 4453
8494 3638
2224 9643
1486 4623
4902 2484
8837 295
411 8584
6290 3178
5333 6012
7472 539
3827 5698
205 579
6035 8636
6074 6916
2649 1738
2753 6045
3858 1515
2805 9002
8010 9541
2019 738
8144 2622
1169 5825
4902 9991
3574 194
2854 2847
6359 9877
5782 1823
5802 6041
8978 9207
7782 6708
2714 8308
3391 2887
7363 1243
5171 845
265 4051
1480 6629
8541 7122
782 4322
3404 8308
3648 6594
3819 2941
1491 2050
1767 8486
120 3993
9072 1493
9420 8383
8573 2333
9916 9701
4700 1964
6881 419
4327 1223
6118 9578
3297 1200
1634 1497
9260 515
3026 8109
8476 9118
3437 9221
4278 9978
1421 5970
322 5725
1852 2177
3065 695
7544 9764
1810 5093
8124 9152
370 3073
9844 967
4993 6505
1892 3176
8256 2418
4487 6367
9345 8178
449 131
5958 1200
9007 6002
4338 6768
5004 6466
7744 3918
8283 7250
693 3710
6784 525
3252 5377
1204 3802
800 7588
3134 5852
3442 9918
2474 7887
763 8421
960 2301
4428 4030
2453 2031
7983 1910
7712 4524
9712 3660
2475 5176
616 1521
4675 893
2372 535
6859 1261
1102 8593
1606 3332
8494 1674
8315 5272
324 1354
7800 3190
183 6415
3118 2223
3038 5514
4440 7457
6072 211
7496 2137
6553 7905
5295 2760
1253 2718
7560 3220
7794 3126
8472 3766
2925 3315
470 7272
3066 7484
1111 1630
6149 5665
4102 8011
8949 8544
4784 1837
2214 1932
8075 9586
3088 4376
6948 5618
3228 5994
117 998
8049 1573
2071 8404
3748 4987
2591 4029
8695 2892
358 7138
8237 5723
9828 2766
9973 6124
8528 3474
9388 7881
8619 3055
7860 4275
7412 9750
9038 2540
905 6329
2368 7161
2635 8126
6200 9340
6009 7474
3117 5821
1936 3582
7361 2330
6840 5416
9865 3603
9741 6614
2857 7103
618 8172
5703 3620
3692 6298
1723 2982
1376 1801
7453 7533
5523 8812
7577 2594
4930 7775
5964 8480
6142 1177
7120 9107
9342 5432
2261 9660
8897 6689
5736 1546
8640 8759
7248 2649
4434 6110
4586 9330
4869 7047
2174 876
1044 4334
9609 8233
1557 1760
6350 1831
837 8098
3553 9421
5080 4297
337 3435
5467 1582
5237 6813
8763 1633
3581 3107
7004 4227
719 3195
2071 3908
9505 6631
9132 8251
6595 4479
2873 6431
1473 6762
4392 357
143 6474
8804 9491
8996 4077
5344 4112
2123 8252
8572 3212
6263 3275
4737 7581
683 8486
3615 2670
6825 1364
9707 1975
7248 8968
4287 4193
7077 9024
3515 3325
2029 2126
8734 405
9681 796
5218 8565
1048 3663
7437 2985
8833 8683
3409 5966
6647 1833
8156 715
6127 3679
407 1503
8404 8644
1972 887
7283 3592
988 3643
2766 2514
956 7403
992 4867
4020 1119
6882 5662
6566 111
6689 2260
5177 2974
8425 6899
5116 362
9508 6942
3834 6431
6996 7205
6262 7016
9515 7878
269 2454
1112 7799
7286 5571
7769 2072
2799 2963
1838 7983
8180 7967
3588 9933
5058 4122
7847 9897
6847 5239
180 5861
6724 4790
9133 5434
1369 8094
3213 8576
9680 7494
605 8048
4962 5875
1439 4307
8702 4536
915 3497
9647 9592
9693 3431
5980 2614
7724 7295
7354 1478
2860 3327
9919 4590
2839 3933
2554 8517
2348 2029
8515 5515
8581 8221
4040 3497
5657 7313
1477 6726
6004 9007
7658 8226
8492 533
9483 1343
6985 472
4968 6980
6732 4360
8057 5501
2276 2273
4140 1471
2949 6240
8331 7774
1878 8021
7088 3738
5623 7148
7420 1914
7851 697
9523 7949
191 7691
7136 1002
8204 9942
6651 4424
3248 8985
2208 4094
8329 7901
2987 3897
4053 5212
2491 1785
7023 8289
5766 1814
4173 5177
430 3189
5527 8606
9153 8663
2850 8832
3218 1095
2284 9769
4454 4330
5508 2370
6952 4321
5032 2413
8355 2413
5495 6483
6092 1690
7361 4286
9188 3714
6042 8045
3794 9524
3341 6364
8392 4440
1435 8318
1709 6765
2687 6142
5444 3042
7964 305
165 5083
4374 3558
1547 3875
9096 2528
5461 1462
5667 4970
8793 2445
5368 7044
9088 6243
630 5754
6975 2730
3905 1026
5970 3614
4650 9722
6179 2277
6882 9307
8388 9614
2109 7939
1423 9641
5258 6949
8591 8433
4788 598
5787 4519
2017 7683
8922 103
113 3299
8435 3117
4067 2332
9736 3661
1563 4141
763 2926
5276 2966
1870 4825
1266 5615
3221 9740
8986 1203
9477 1657
492 1616
8957 176
711 923
8314 1680
9888 5983
5846 238
6740 854
3731 3599
5851 6947
8805 8168
5922 8341
4025 4139
300 7908
7324 1941
9930 8731
7571 3120
2932 1601
3324 4814
3533 7815
6158 6256
6739 2481
499 2916
3732 5060
3046 1558
406 8310
8653 2970
7931 5451
5091 2669
261 7314
3990 4197
1254 3902
8497 1872
5496 1791
1397 2638
2276 9978
9024 7883
4954 2930
1464 1669
6203 4515
9866 9376
4098 477
7038 8066
3725 6864
5514 3967
9115 8158
7172 2197
731 4858
3739 1343
2152 1223
7392 9255
9644 9143
443 3838
908 1608
6140 1393
6992 4961
5994 191
8811 6370
3289 123
1321 9542
4304 9013
835 3285
7161 178
4350 743
3886 9872
9861 374
2350 7728
7591 800
4708 1039
9826 8949
6428 7415
7485 7988
6854 8282
2774 5074
4058 7589
4916 8235
6017 2247
3471 4612
3705 4089
3938 9840
9629 7901
5957 6943
5704 8273
4343 1709
2168 3622
8391 1271
5294 2943
8143 5348
399 199
5464 4450
7730 3665
5295 9763
6530 1745
9386 2094
5977 1596
225 925
1395 7423
6480 8929
6694 3286
429 9153
5527 2413
2576 1901
7229 8781
6325 7626
247 7687
4163 2329
8707 9097
8479 1804
8454 6157
6826 1672
5879 7168
1583 5611
7968 7081
3829 3857
5774 1568
3342 3512
6911 1599
1517 4417
8142 6239
9994 1255
8054 8367
7665 6616
792 5957
6063 1750
4646 5241
7977 5654
9200 5830
932 8793
2004 258
4786 4290
4028 7467
2573 292
9224 3223
8298 7939
5979 9176
4141 7657
1084 1214
9553 3063
2083 9722
1879 4346
6059 2772
8436 2349
2296 8283
5094 5686
2088 4328
5510 2086
8265 2282
5174 5618
6286 8607
2273 6173
652 4377
5097 3209
8532 8715
3974 5344
127 5802
9813 6083
5000 2278
2597 9144
6606 1617
1031 3602
9554 7959
478 7731
7381 7140
6132 2774
4520 7399
8100 4771
8743 8762
9258 6650
7518 9477
2789 6731
1021 9677
8168 7609
5742 4994
1174 3515
9783 2982
4143 3661
908 3828
8559 9727
6733 6654
4961 2721
2791 5308
9100 8563
8921 1126
1595 9043
5648 6203
4498 4742
4926 1345
5067 3834
4600 5617
6439 6541
1010 1093
9006 428
6762 2954
4558 6945
5899 166
1424 5458
3341 963
387 4089
5413 8686
9272 3895
162 4345
1747 6268
8189 1108
7187 3587
4010 1748
5973 3356
7345 2567
9943 9988
7823 6880
4851 9342
527 5139
8529 3555
8805 4891
4016 1621
7323 4593
5182 9145
5760 9189
5924 348
9405 1855
4659 1411
262 6723
3049 9780
7714 8532
4148 4426
9800 6923
651 2622
9962 9278
5497 1361
9034 5568
718 4761
1340 4348
7788 8328
4663 8432
7210 7460
8623 4171
2478 8567
4898 8723
2113 1285
1422 2831
423 8450
170 3203
3977 1829
1098 7995
7278 4361
7158 3582
9373 2845
4697 1395
8712 2843
9057 3476
8570 4462
7870 7702
8393 544
6047 4025
726 4076
1540 1425
6134 3372
8318 3893
7838 6258
1981 590
6968 8040
9861 931
7833 275
9878 2231
3959 8455
4487 9725
8635 3814
5755 4848
754 8858
6636 4380
7557 8325
4221 5451
6298 6229
4404 2169
7622 8615
7214 8957
7443 2050
4449 2351
5574 2824
1486 1008
9915 8149
8197 909
9269 5891
493 9004
2537 9011
2038 9489
4568 3793
4172 2983
8216 710
1204 9402
4445 2246
5012 8529
3628 9457
1208 4692
7633 774
6535 9676
1220 9235
4755 7462
981 8702
8243 7928
1993 8229
9760 145
2796 966
5011 5729
2804 8807
3566 8411
2006 4928
1924 8854
2660 453
6154 6829
5342 691
323 2855
3098 8081
9871 7012
5768 1327
3476 1077
462 8136
2305 3248
5487 4848
8727 8741
9934 5966
1847 1998
575 371
1816 5018
9865 8966
6107 3260
7442 3394
1528 530
9403 1996
3156 1423
3704 772
7138 7624
1033 6717
6861 5822
4220 9929
4381 4644
5355 2928
5184 4120
4144 6639
6460 3386
209 9103
5500 9152
375 7474
8219 8132
1500 7485
9419 271
324 6760
8581 3038
6173 5679
3503 9616
3240 4941
9437 3751
8708 6382
1187 7074
8648 5033
3287 6240
2012 2985
9423 1171
9789 4393
2907 7285
9935 6199
3336 3983
6780 7537
4426 5041
8958 3016
1872 846
7794 1006
7416 1886
578 9298
5789 5734
7885 3847
242 315
1453 3803
8192 767
9599 2125
9798 1929
4559 3634
6629 3220
4000 5001
8516 6916
7364 7926
7375 8892
8232 4541
1518 4995
2116 463
3447 7601
2482 1766
1917 3239
4544 4152
1631 5069
3846 9063
5415 7831
6105 1388
6527 3763
7373 5613
4441 8240
5631 7696
4114 3670
6785 8576
8110 3567
3990 5214
481 8248
9263 5852
8709 2405
3282 4379
3255 9232
4444 2643
1626 9269
9671 8614
6404 7170
7841 7034
7542 1627
7454 7448
232 8828
7860 6718
4260 7839
5756 6826
7487 2721
2639 2868
1738 974
5963 4860
6654 7193
5850 6114
9164 8528
9791 9294
5354 2842
6835 9353
7827 3352
2324 6033
9228 7140
1081 8644
8343 4096
1002 3160
5430 6279
9679 6316
2261 634
1429 6970
9063 7318
8330 2092
1955 3758
4631 3097
4113 8689
4725 1260
5294 2069
3335 7602
1655 7920
6948 1161
2515 9922
346 1523
9146 3160
6749 5819
3437 6388
7128 7660
4915 6483
7424 5165
3749 1900
3444 3474
9551 4376
5391 3361
6651 1874
4446 7659
6730 7867
7607 8622
8540 9775
8729 2726
7593 5298
1880 6545
2142 2783
4165 5454
7603 2713
5796 6588
9588 2277
309 6340
3735 2499
713 2619
788 2447
8419 971
8915 8684
4615 8728
5685 1820
980 7679
5641 2326
6274 3394
2986 8364
2580 4804
4120 2667
6121 3526
9772 6493
7376 505
6720 5591
9872 9164
8005 5127
309 7379
4020 4292
9668 4974
3596 2706
6378 6867
8049 8891
9166 5197
2601 2437
1504 6855
2180 3997
6617 6890
861 2163
8827 3673
2812 9755
8402 4124
4702 7963
5070 7757
1480 681
778 8382
7069 5881
7312 6428
6830 6758
2062 8142
2604 311
8618 2866
6362 8729
588 7646
9178 2390
6167 6526
3009 9934
3008 4895
8141 4710
8130 5277
8089 8016
9252 4969
5238 1502
6360 6144
1363 2679
1437 787
8230 4536
3166 2034
8992 5422
9355 1282
3408 1965
2467 3684
7243 424
4818 4707
2772 2543
3281 6082
9516 5091
7419 2633
4578 4681
9820 8995
4315 9469
857 4062
9527 6628
3935 1264
8476 6824
7599 7659
2550 9923
4688 279
5164 4335
4134 1862
3633 6735
473 7101
5971 280
6550 4484
3981 9046
4909 7253
2336 6200
6914 7498
4913 9980
3081 7769
6717 2249
1648 9322
527 8547
1367 5930
3305 597
6959 811
3502 8617
2270 9744
3599 5366
5222 8418
9529 524
3465 5196
1372 5526
1999 7494
832 3094
2396 3963
7558 4086
2802 2032
3351 5814
5945 8310
3189 6271
6753 5408
9712 1247
5457 7216
6195 6527
2579 7536
211 3057
812 3147
6191 4001
6524 3518
4991 3279
2635 5850
1069 6292
5145 3967
2714 7765
6938 6015
1279 1130
7448 126
4085 7144
2360 7000
4738 2889
5536 3193
6874 1573
4258 7396
7169 2873
7799 8070
2672 9003
8472 6996
4540 6328
5099 4905
7008 6162
9395 434
4104 2447
3996 1473
104 5465
6563 6641
7235 9646
9272 8182
1886 2380
8019 9928
5330 8100
5458 9793
7850 4921
3950 6929
4644 963
9389 9602
2242 148
6510 8791
9334 4479
2425 3330
8128 1037
217 7749
1592 8122
4082 6083
2376 754
1419 6261
5595 8159
6086 5413
3325 4703
8684 5051
8577 6126
5145 9411
8851 9849
1280 4453
1186 5890
8018 9522
2271 1314
3297 8836
9875 4904
6734 7413
6605 2558
7572 194
3210 1814
4876 484
8176 2455
5183 112
1641 8378
7014 6124
4874 2525
3016 1180
7644 3569
6985 1793
856 2665
9557 3166
1422 6633
1532 1729
6026 2852
5194 1642
7014 1062
187 104
2082 1454
6331 6029
3366 6980
8961 3088
2487 6380
8530 3539
2926 2686
727 5390
4052 1806
8497 7487
5336 5920
2046 7596
5628 8042
6904 236
1448 7535
5827 9450
4089 4065
2519 4555
5915 1520
2190 1487
9946 6631
465 8489
4857 7859
3071 6582
8606 508
4262 7193
344 5291
5882 5179
1905 977
3199 5831
8963 7712
518 522
3709 4194
455 1425
7129 8947
9197 4690
2460 5708
4225 144
8460 5778
7966 7447
1855 7042
8608 9523
5970 2266
2852 3214
1882 6630
4718 7899
2227 3168
9743 7788
5766 6904
1434 4728
6379 5273
4840 2486
5212 9506
1563 4496
759 8730
1351 3266
741 4761
3672 987
1113 1142
2064 5156
8901 7082
5023 8261
7449 9005
3628 5585
4330 8541
5230 1413
3375 6396
7620 990
4034 1241
1933 6491
7307 9358
2738 4193
7223 1387
7515 5534
9650 6105
7941 9729
9313 8116
1740 6297
9216 7392
3143 4338
4048 3035
6152 2483
2550 9267
6428 7973
1029 7572
240 7578
4969 6399
7085 9656
756 4254
6636 1397
6244 8449
5918 3399
4946 2350
9949 1565
4312 2900
1999 7966
136 2202
2320 8165
6884 552
4542 8564
2972 425
1596 8471
8258 165
8252 9395
7900 9195
2444 7613
9200 2952
7189 3337
9133 181
1851 1689
2895 4104
2051 8241
454 1153
6146 8419
9469 2053
4954 4566
1833 1436
3492 3072
1891 4272
645 3410
6976 1463
1369 4738
1803 9221
6764 6677
5816 8240
9574 9900
8292 3205
3362 7185
9474 755
5236 6731
4686 5407
3607 7880
1568 6440
2595 9205
208 815
2313 7457
8012 7376
8903 7496
8082 1073
7772 8909
2482 7539
208 1742
9064 8182
882 9509
1249 2068
4274 3813
7681 9980
6316 3765
8107 2684
4982 6716
9612 8193
8369 8037
6239 7603
623 1804
4022 9614
134 4342
5186 3041
5163 2657
986 9813
8106 4196
147 8997
8699 3695
7262 8835
1723 9245
3663 2710
3390 9285
4256 6514
8779 8152
9034 2904
3224 4446
4220 1057
9628 9332
5044 1324
8543 3541
5261 1660
5763 4382
7304 6710
2544 8424
581 8723
8034 768
8585 9379
3600 1098
504 740
7332 6440
7393 4998
4891 833
1621 2852
1771 9753
2855 3245
6521 9893
7522 5073
9766 7889
7556 6692
1620 4787
3895 9214
7515 5644
251 9575
8595 7909
6841 7724
7993 1148
4504 4386
6836 9111
7575 1461
6336 8143
507 5208
6506 9144
6088 3067
2961 8442
9076 2731
4562 8588
5341 8668
9269 4830
5884 7863
6259 1370
2237 8702
8583 1239
2515 1346
7822 2171
7387 800
8816 2313
3711 8815
8753 3374
1486 860
9563 6270
1174 6297
9760 1259
6228 3109
1039 3213
6348 7378
4954 7774
360 7778
5290 6063
6143 9758
524 4742
608 5186
9124 1890
1763 4239
6844 6725
7827 4467
5927 9334
3077 3848
4637 4166
9044 831
7589 8175
8751 9774
7205 6885
808 6983
7362 367
7055 7149
5246 1596
7243 6434
3214 8093
6763 5930
8397 9659
5649 7213
1857 6034
9982 7731
2302 5938
7822 9688
4840 9261
5058 7050
9293 543
3973 7141
2206 3912
8403 7656
4707 839
9551 8998
9035 7858
5846 1748
9025 8078
3242 3403
5094 320
240 4363
4755 3122
9795 9577
2283 5141
3738 3741
2037 6093
7234 3879
2270 7358
8632 2689
4598 3601
3525 8194
6783 9380
8061 192
8721 9814
3202 2914
3533 8996
261 6967
4013 2990
4034 1161
1071 9486
138 9687
8529 6993
2197 8181
4720 9317
2331 2170
4971 6792
2408 3547
7458 7895
9485 6400
6442 1682
9035 6205
5915 4317
4771 4138
5841 6669
1876 4788
1751 1334
235 3258
3287 3638
4654 450
9780 8003
2691 5252
9054 5216
5672 2169
6122 997
6392 5979
9140 7173
3361 2210
1504 8886
2056 3634
173 1496
1541 7609
5408 7929
465 3585
2037 1583
7633 450
9424 6788
5832 1489
1154 9880
2990 1910
8965 7357
7718 5908
4861 6404
3035 8059
3558 8602
6582 1022
4572 9690
2864 5865
8959 6903
3567 4479
1166 1416
3718 2330
754 8191
6705 2815
5018 8489
8650 7125
4365 6814
9585 7909
794 9241
6611 2213
3684 1335
1960 8826
5196 6090
9718 5753
958 4138
5086 796
942 6030
7576 4408
9648 6126
3385 3527
345 7514
1668 7576
1266 5540
2583 8850
9383 8495
7166 8161
2958 6225
3580 4569
1979 3733
3172 9261
990 4100
1876 2006
898 8721
1310 9584
3156 7294
6879 9616
6750 9018
3289 2652
9381 1623
6345 9174
9559 7007
991 2877
6357 3719
9429 3079
8284 9444
4516 6902
1256 8455
4560 9978
7650 8844
7135 4940
8859 1129
4168 5371
6326 7264
5246 7715
7016 9242
4786 7030
2353 9070
8909 2635
3174 182
7851 2886
9148 1885
3329 4375
3019 7103
3460 2071
8906 3977
2393 7125
8878 7329
7684 7929
7443 1101
3123 6363
9666 7642
480 6550
2854 6616
7935 5013
4606 6022
6642 1657
3665 8534
6373 4047
5561 4179
5555 3633
9664 2524
8791 1476
8452 2306
9024 2667
1972 8142
9659 4677
3965 7881
2905 2842
783 2395
2900 8506
891 8914
9161 225
5417 6973
1709 3660
559 5502
4415 6543
8010 6471
6055 4116
1498 5261
2577 5672
3311 8176
3788 3180
3907 5894
2824 9090
7250 4180
2049 4865
9681 2891
9709 2366
180 5009
7561 2619
5551 2281
2008 7977
5107 9647
1282 9876
4535 9795
6741 2427
666 1226
8677 7164
8171 7446
3134 3993
8025 7946
8172 7161
9108 3803
9570 197
8322 5381
7859 2335
8978 1230
8915 5896
725 3486
4545 563
8640 6102
3701 6199
7333 3007
9544 9027
6543 532
2133 8391
302 1391
7523 9317
6719 7425
4297 2677
7910 4680
1164 8261
4553 4498
4528 4211
6339 4038
5218 5189
6350 8210
5875 6873
6291 7257
2456 3826
6064 5816
3905 5763
6746 7258
5177 1162
1473 9791
7234 5459
9800 161
2887 7950
3349 839
3031 2439
6839 4812
2253 408
4983 4969
1679 4439
9356 4722
5621 7235
1576 1292
3339 870
4920 8705
581 4297
1514 5899
8010 5221
7631 9983
555 3828
4150 636
536 4064
8725 6552
4190 684
4066 3797
3835 3478
3483 7155
6990 6320
8628 4689
3800 3986
402 3027
5960 8941
5306 5608
1363 2705
6878 7871
3773 9316
4614 6958
9426 4887
2908 940
3987 741
1297 1289
6548 7076
5369 9499
1465 6321
7851 239
9482 6652
1663 7515
3150 7757
5385 9666
7997 4005
7346 6231
1809 3669
7822 4870
5048 4678
3642 3125
782 8508
3191 9323
9491 7198
4421 2937
2410 5512
6583 2407
1521 8432
7648 7817
5309 8877
2123 9680
230 6577
943 3520
5105 4923
2494 4969
7485 2209
2717 5789
7243 6836
6761 4686
7065 9412
6149 2881
6548 9264
3574 3509
4226 8922
716 1011
5695 3324
7449 2672
9772 1899
1946 4558
912 3797
993 1027
6355 3420
1489 3610
154 7529
141 5946
7578 3075
2611 2759
9308 1149
8100 2538
4671 2355
9275 4725
6327 3369
3110 9096
9554 2342
3419 4329
4212 178
5695 9817
7518 6793
4718 8314
9115 723
7769 2146
1205 8880
4093 3428
9934 7875
212 8149
1702 8324
9827 2651
3257 7210
4006 5020
1053 2762
1182 1384
6515 3662
6538 502
9774 7948
8952 8077
7524 4191
7100 2996
4513 4657
6556 2871
4098 6538
7289 9984
4047 4535
2230 751
2087 6879
5867 4993
7920 1013
4031 8228
3613 7836
6654 8834
437 4125
5079 7098
6662 8998
3094 5167
7273 7869
2213 112
904 9551
9274 375
1527 2277
9422 2359
6928 5756
5443 4590
170 8489
3149 6878
9127 1936
5024 7624
2844 9343
2717 8736
9057 5478
466 7625
1777 5131
2062 7887
9782 8100
7260 653
8258 2654
8438 9937
9611 3242
6537 700
5730 7796
5183 8952
8946 1162
9066 2341
9517 250
4115 6432
3457 8222
8137 9267
2890 1898
376 6451
7146 4412
5976 4552
526 8835
2382 2199
7772 9068
7973 3966
100 2681
3230 9221
4407 4489
4849 5789
7755 9957
1357 9721
8737 2381
595 9851
6273 7901
2507 6291
5047 6618
4228 2365
5429 7703
599 7280
2797 5489
3661 9091
7827 7541
3799 3799
5765 6977
9296 153
6522 1699
7431 8275
4141 3000
104 8978
2241 3372
8456 380
2302 8453
7937 3970
5215 4027
7444 3828
1376 3741
9661 8916
1414 7190
599 3090
953 8896
9172 567
2051 9477
2779 4539
2205 4615
9321 4302
752 460
3140 2282
5132 3619
6210 5436
4694 1961
1446 6938
5107 2217
5767 6943
216 4730
317 6391
6710 3021
2462 5300
4762 4817
2899 2309
2920 6693
5749 4080
1653 8789
2331 2877
2921 7328
1055 8144
8471 9317
4392 8969
1251 6571
8616 1738
8230 5179
1982 5630
7301 9561
3676 8800
5144 428
8130 2493
5063 7894
904 7801
3469 4170
4396 1524
2692 2913
936 5057
1321 356
3837 7773
1125 2259
818 2856
9601 4635
5905 6825
6730 8412
8126 830
296 8541
1818 5927
8793 5883
6214 2879
3301 1642
8776 6281
179 2331
5719 2819
838 8026
8044 5042
758 7990
3902 7837
4692 3288
9216 3852
4022 8494
6308 9393
8857 1334
8542 9558
2359 3477
1928 1197
3594 5177
4858 4915
8880 1656
3109 2023
8537 8437
9999 8531
9413 9268
5049 7738
3304 1234
2084 3545
8334 5131
1605 443
304 9599
749 2662
1577 2751
4182 7055
4209 4310
7176 8788
1900 9303
3687 504
6277 9978
4792 8781
176 604
7855 5355
3975 8857
9441 580
7577 5580
6966 134
6737 2737
5858 1133
9146 1879
7991 9373
232 1156
7761 3318
9887 4265
345 4640
6150 9969
4049 753
2299 7620
4905 5508
3047 6741
6380 5627
5297 7601
1576 757
6385 4291
3893 3567
4253 6440
3698 5091
297 4472
1095 9148
3796 5781
3492 1462
3154 4667
964 5466
9628 3909
9092 896
4881 3462
3748 7030
9891 3690
6791 3858
8194 9511
8172 5579
283 2105
884 6540
9188 7355
5801 7310
5617 1347
1351 5200
7242 8049
7688 2844
9516 189
8880 7753
4146 2260
9289 2275
7903 7734
6893 2963
9147 8664
2673 7174
4414 2039
1899 616
7439 6866
9988 6327
303 3354
8507 3280
3923 9222
7877 2266
8386 1653
2995 8825
5609 9068
3058 4643
4502 173
2040 6240
6685 1206
5529 9195
5480 1903
9162 5234
3802 9550
8294 3679
1837 8101
2141 7305
7242 7633
126 813
5223 5626
4939 8258
5020 8450
3158 6442
3300 3823
1351 2946
5149 5863
9959 9406
1278 2473
1979 9238
372 1010
4332 9198
8753 7482
5420 6117
1596 8831
5274 9923
7678 3596
5780 8444
4660 8070
8392 533
3255 3094
2218 2029
4084 133
4592 128
3545 989
9488 3838
3872 5061
2668 9125
7875 3275
5138 131
9926 8854
9025 1928
2066 3735
724 7836
8399 7143
2684 7545
1654 9306
6459 4952
824 2854
6135 4869
1976 7586
1582 815
583 7789
2821 2436
1735 1974
2517 821
3219 7194
8553 6418
8336 7388
5219 753
5928 5125
9839 5146
2972 769
4471 2741
6863 2731
878 9948
7972 9299
1875 2481
501 3057
9853 6329
6190 7255
4705 5639
8244 1380
3580 7598
865 1910
5852 814
5247 9200
370 9211
6270 1478
1822 5770
4783 6136
649 1842
8350 4744
1356 8825
1545 3683
7856 3966
4077 2098
205 795
5127 5169
961 964
9480 9141
9580 2848
7124 1214
9810 623
2234 8479
9888 6153
5890 424
634 3951
7368 2486
7517 8343
9114 3138
2487 6149
8561 6827
8070 1563
3557 2246
7362 8814
4344 9786
8583 4561
2829 2644
7049 3124
2261 5592
5007 1712
891 2277
2049 1539
6299 4700
1180 7479
7752 448
9616 7720
4345 5651
3977 3321
8278 6149
1504 1884
7726 1057
190 3877
1201 1129
8685 7017
1050 1283
6825 5575
1550 348
4378 5705
6994 8614
6161 7027
7323 5079
5242 7313
3269 9250
5005 6241
9783 3323
8534 9391
176 5167
9755 5802
481 275
6932 814
3129 4489
7120 2668
3672 8397
4547 4212
3257 4590
4382 3257
9250 2238
1652 5262
7148 717
609 3230
4691 2383
1528 3870
2610 6086
6321 2345
2553 8414
7402 5916
4347 6130
9608 1171
8207 7537
6145 9239
4620 7563
3529 1929
6484 4523
1859 7632
3764 1053
3402 3011
3141 3621
1700 643
2142 3781
9962 9490
1586 4398
4888 6373
9636 7745
790 9000
7417 7073
7714 417
8108 835
7193 1529
9120 9661
7329 5659
8544 6135
1584 9416
9875 7271
5406 2452
2216 1113
7451 5522
8697 2903
8560 3207
4036 8184
760 3012
9776 6025
7286 3673
7165 9135
4103 8045
6465 1480
7762 5829
8641 5864
1803 8452
9630 9590
5258 7228
281 5826
7075 9906
2727 4304
118 1970
6698 178
7690 9240
6632 8029
5932 9863
4198 2402
5352 6795
3365 1662
5556 4336
7159 8029
9523 5228
2724 6133
535 1798
5912 2824
707 5351
9741 3655
1198 4022
5228 6100
8606 4190
3098 1308
2261 2666
8896 8971
6860 9710
623 7114
1921 2621
6995 5487
6346 4899
7778 7835
8624 271
1825 557
1361 2628
357 3882
1214 5555
8217 1272
6470 7804
7431 9366
7117 4062
6267 9525
2093 9530
4199 2429
7372 4177
2710 8142
948 4758
6293 9989
6197 1254
8002 168
8165 8178
9646 852
7672 7153
5658 8467
6504 2527
2908 4387
6733 3891
3930 5150
7790 4237
2359 8120
9325 5469
4955 5646
8783 9716
1661 1030
3036 6559
1866 4409
2357 3060
8796 8280
8905 5702
9837 928
9829 9266
7678 836
7602 9305
8522 1983
9526 6000
7609 4120
9252 6624
5120 7182
3676 1253
4178 2537
5465 2843
6509 4102
9702 1037
9508 9233
9270 7106
166 103
5724 4442
5059 546
9430 5182
8873 9595
2453 4683
6648 6338
9610 3693
5727 7986
4264 4907
4502 4618
1488 7264
7268 843
4116 2229
6967 9895
1244 1242
1114 2368
1012 8746
6142 3461
4902 8635
9444 2049
6466 7099
9021 283
2445 2330
3087 1450
3901 7077
6056 9491
9587 833
3375 1835
2143 8091
1267 8432
9088 1039
3216 2351
324 6271
1540 9033
2721 1804
1779 5828
7424 3720
5854 1621
6032 3862
788 5268
4465 5985
7528 3121
4918 181
3091 8552
9524 9714
8631 7313
1008 7045
7474 281
2733 3617
6807 7070
814 8550
4195 1411
1655 3997
7196 9783
2851 6438
2404 3051
5902 1438
9627 5022
1392 6065
710 1355
9259 9188
1335 2589
860 7702
2675 8329
1708 7531
5619 8008
9786 7090
1380 626
3051 5357
9514 8625
9673 2771
1483 5983
1747 4685
1023 2364
3934 9251
8480 9822
9886 4478
3516 6277
7100 2098
146 5388
4362 6708
7725 485
9637 3353
8167 3552
5370 6005
3365 7966
4059 6768
2684 3965
4288 5617
5795 2194
3629 5069
5551 6556
3627 808
7122 9488
1642 3383
8380 1668
8865 1021
7216 9500
667 5972
7767 6186
5809 936
7473 2170
2014 6506
5035 6116
2381 3124
2138 1871
9215 9777
5168 3127
5547 7780
7060 6542
1746 9212
2628 3386
6358 5809
9449 9823
3837 6893
4075 7238
386 1915
3963 3990
6132 8957
6435 7361
9663 8402
822 6411
809 4324
6943 9438
1728 5360
2936 9323
5254 1724
6715 2081
3821 6892
4803 2423
3966 2118
2626 3191
8973 7443
1643 1981
5380 3111
9556 6283
6894 8479
6580 8481
5990 2789
6962 2941
4363 3578
7644 7474
8587 2308
2217 513
3590 1395
9953 1712
8569 575
6736 2502
336 2170
7241 3539
2721 7287
3814 6055
8140 774
9381 4714
4085 6893
6695 5472
3948 9974
6212 7047
7699 1149
312 9042
1926 9436
3016 4883
8574 2346
8853 1916
2868 6227
4027 5593
364 2313
8641 8159
1069 7626
1696 7584
2283 8396
9040 2337
6435 6451
7517 3225
8912 7702
4774 1657
9358 3305
4950 763
4247 2462
7228 5318
5604 4251
4450 6589
5975 1917
5256 6971
901 293
5496 1539
9681 2965
7306 6169
7017 7403
4381 4243
6434 9092
181 7664
6020 2248
9074 6809
4187 4266
6741 5276
4033 3795
3484 5860
4432 3828
8333 5157
560 9717
4299 3467
866 3539
4899 5553
9762 6413
7304 8216
4873 9464
9084 8827
9327 1866
4918 1725
2645 7209
1780 2410
4070 9519
128 2307
3133 5909
7424 4543
3478 3900
6917 135
6475 3110
8841 8149
4225 6408
3096 7949
4602 3359
1698 2055
3239 263
3948 9379
7889 9235
1779 2432
5373 4854
1126 5923
6176 7155
9007 6691
2208 4465
3393 6877
2061 9193
6931 241
4796 8339
8864 4383
5104 6006
3627 4440
572 9814
1993 3760
8119 5637
661 6234
5706 9206
5111 6218
9199 729
7337 6455
1105 4597
7389 5207
5776 8681
6362 9857
2046 8556
5928 4280
3234 8723
3379 4255
3794 9121
8968 5098
8187 2913
4973 9282
7488 7289
3239 2047
7951 6549
6757 4283
8818 568
1966 2149
5278 3715
6748 7406
499 945
1980 8084
5823 3383
1077 2670
7454 872
6864 395
7983 300
4275 8777
3991 1646
2865 1004
5003 5773
8825 2870
6685 900
5769 9523
9585 1574
4333 7104
6463 2160
8004 9576
6994 5485
5114 5802
8326 7906
378 905
9297 4516
132 3431
7722 3950
9498 5520
1677 215
9275 1107
8682 5850
3403 1015
239 8740
5737 9468
7721 8895
3517 877
4524 9752
253 3070
2248 6706
7372 614
6221 3067
7666 7433
3024 6068
9912 3189
2495 136
922 8727
4705 1953
7586 2837
4174 6158
6333 4047
2341 1487
1725 8197
748 211
7418 279
7191 7645
4861 405
2062 7993
7373 2052
1180 5505
5258 1064
7091 3787
6715 9246
5741 4146
8310 3102
9034 6732
2683 6085
390 8001
2007 9229
3326 1314
171 4297
4367 1142
7580 6664
7284 6339
5762 4324
8350 4663
408 1096
2991 4747
291 3441
7620 6428
2053 6855
1393 5479
8177 1244
3459 1972
7691 8953
5219 6390
6127 9310
1145 6316
9003 9386
8861 3698
6485 2577
1629 4720
7294 3750
2274 9998
2400 7772
5804 3338
8249 6747
813 4575
5707 9248
2971 3981
449 8862
1267 4308
1218 9736
7819 9287
223 5738
1344 6526
5233 6106
9436 3865
7413 7444
8908 5454
1821 5466
977 8243
485 7326
7855 6852
2927 478
485 8932
7625 3801
4201 1281
1038 7125
7060 6616
6780 6281
6938 8698
7292 1292
6491 111
9180 5384
9573 6440
4916 5035
4722 9660
2619 1997
4132 8651
7950 367
5391 844
5785 5355
9716 3470
272 193
7442 1101
6845 8521
9890 8361
8387 2328
8077 3125
3228 3643
9256 6159
4509 7646
671 8117
794 6185
7783 8523
1013 7652
622 7222
5358 5429
7631 2966
7350 176
2045 7644
5580 8151
4641 1695
1184 452
2522 1164
3414 3358
7849 6532
9269 1517
9063 8483
3263 1103
6894 6020
4915 5498
5170 7144
9130 1032
850 1968
6147 3297
6113 370
8671 1873
3788 5358
8484 6048
5767 2339
249 265
3902 7673
2741 4761
7756 5324
2351 3492
5271 1949
5425 2580
2296 9702
9432 3692
3071 6225
3054 8091
8300 5492
9765 6963
7337 7311
6856 2396
6251 2324
8629 5653
6775 5665
2864 9611
4150 8873
2478 398
4283 5189
7867 4671
4307 7450
8597 1794
5265 3352
2433 6181
5416 8841
2399 395
3187 8350
5144 2344
7575 1980
4247 759
5203 3085
6153 6912
1297 2746
5723 4156
5077 5214
6865 7766
7839 424
1076 8164
1398 6712
7094 6706
3273 4307
2990 6168
4438 9332
2929 829
5256 6481
1843 5057
9870 126
7714 4989
738 2589
8184 6249
7963 764
4149 5174
2245 2743
5892 3465
9746 8848
9663 3856
1122 508
4410 641
6043 4843
4158 7700
1731 904
6578 4769
9411 8693
7767 8012
5845 8650
6290 3702
433 7700
9697 5846
533 5797
4846 7717
9284 5652
7647 3253
1888 3401
7873 731
6761 6820
460 9736
7358 5315
1869 7371
7770 824
412 6858
1149 3205
9957 6830
955 791
5074 1535
4719 3221
2557 8428
8068 1443
9451 2670
3969 4602
752 6549
6660 1631
9550 7650
3858 5113
1966 171
3883 1087
7240 876
1788 2741
9884 6225
5930 3959
4694 961
2936 4857
8421 2578
3582 2403
9097 7562
2424 5595
624 9474
9118 5139
6901 3505
1395 6530
4055 1411
7059 2450
9454 6805
7512 5929
6629 210
1133 4911
2370 9425
635 7098
1321 7264
2239 3542
9688 5859
7968 8526
7562 454
9717 5455
2387 6467
5247 8779
7211 4694
4299 8863
3299 2700
7410 9930
2872 1713
414 7263
1368 6063
2889 8077
2259 776
7244 575
7269 7075
5257 8898
5678 2238
7231 970
1261 1681
7574 5053
5070 4129
3884 7651
8604 6165
5235 3605
8932 7921
6633 2729
4395 9578
1699 2937
237 542
6745 4935
2070 6684
7065 5583
6461 7436
1674 2505
7842 6679
6595 8291
2313 2314
2296 8930
3315 1655
8366 3631
468 1214
749 4857
759 9000
5086 855
3074 3281
3050 9616
8390 4845
5422 1125
6961 6025
9054 4919
8130 2795
8468 4138
7327 9774
7590 182
3375 7693
6339 8556
828 2208
8742 6340
9671 6050
1165 1968
3619 9271
7472 8171
3503 7496
9581 3936
5942 8432
2288 5047
5019 4457
393 5770
7563 6969
358 6898
6303 317
264 3796
4200 687
4581 3777
1606 5405
5673 2995
5367 3513
1445 5177
1144 8607
1734 6423
5833 8056
1992 3956
5139 8215
6262 2072
2411 7203
3153 3918
8491 7969
3786 453
2239 417
4011 6442
7283 4352
5144 4181
6741 1793
3943 932
103 967
2858 6098
7888 4315
5902 6539
8635 3637
2862 3663
2011 7654
6435 159
1267 885
3895 3449
9992 3043
7260 4276
1875 3038
4748 6150
3533 624
3516 7047
8866 7279
6651 2585
5140 4488
974 5204
3299 3754
378 1893
6762 6737
5150 9438
9602 9847
5687 7894
7103 5517
3136 2364
1105 6037
2219 4321
7960 8100
8149 7175
3821 3037
1777 7165
5610 4895
3778 7741
3154 237
6822 5500
2742 5805
9508 1028
7392 1285
3221 2365
3054 5766
8168 7603
4797 7535
3673 7962
5772 6551
8044 5749
1826 5543
7436 6100
4880 8199
9393 4401
133 3126
6338 1797
1798 3251
5670 2462
4335 3658
5751 9477
3410 9518
3654 4129
322 2171
7309 8632
1143 5080
7718 8982
4411 4993
8031 3735
7417 5377
9486 4696
2424 4935
9539 4543
7498 2497
4997 3212
8020 3206
1115 4517
4587 6241
9688 4667
1294 2673
8565 3876
2207 3631
9366 3289
1692 2565
5927 2426
2430 8152
1157 8525
8542 6838
5636 9888
9870 7051
4048 1813
2047 1740
4147 7788
7135 6363
165 7267
2695 9325
4466 9015
7407 3173
8800 9893
9488 7417
7739 5039
1429 7717
9971 4047
6100 7835
2379 9453
6530 8066
3557 5134
6338 4376
9128 6046
7740 790
4194 2033
4315 725
172 4624
5072 7762
7117 8828
2607 8836
2862 8168
8536 4155
2910 3220
4931 2982
6632 7587
602 805
4675 6951
5987 7076
9459 3362
2834 2347
6353 7689
7728 6911
1155 2300
918 9424
2338 7395
8623 5671
8581 1111
2549 1613
493 3186
9834 1812
2281 7486
9831 6303
9993 8918
8369 3353
9796 2203
2042 3198
8348 6690
824 6380
6255 2172
404 2096
3042 3481
4338 1506
3396 5475
8637 779
1979 7914
6794 6571
4728 7462
7739 6122
9608 7584
3611 1088
6338 2386
2574 1193
2641 6435
3319 996
8367 1857
8104 2794
5208 6873
8953 6982
2508 3439
8805 6001
6660 7220
6040 1993
3603 8501
5029 3819
904 5719
775 9670
9834 682
7340 1965
8432 8216
8115 5531
7079 8983
7955 9166
6551 3316
7972 8089
5105 9221
2164 3798
1093 2201
9168 5641
5273 1238
8140 6310
6989 4343
3643 6216
2692 7889
4096 2225
5705 5785
6248 8373
7536 6889
9204 9523
4780 2790
8872 1533
8711 4800
1296 2120
7771 3077
1797 5332
4864 3850
7573 430
8454 2705
5659 972
9486 9687
6197 7945
8812 8282
6729 2050
2227 5898
583 7923
9956 5176
6602 4928
5940 3751
5861 7058
3149 6347
7723 6797
4942 4816
6477 7979
283 9174
3324 8970
8115 3179
7533 2286
9511 8463
7038 9234
9645 8093
9969 3468
4407 7118
8052 2184
1774 3222
7928 2049
7036 7434
3562 9517
1505 5968
7707 4917
1888 8613
1597 3705
8738 6722
499 9955
8119 8430
9183 1778
5580 6006
6960 6154
9981 5589
8409 4259
3605 3700
1344 8803
1764 1666
2734 6637
3333 1316
6207 223
3545 8115
647 8654
8910 7811
4617 4265
4386 2900
7568 8068
1819 9995
176 1009
1464 6478
1635 891
2828 9273
2708 9752
664 5108
2015 4845
8501 3917
5573 8711
5243 5182
6837 626
7561 7757
5785 6888
5313 1526
1452 7952
4015 9696
6942 1511
4354 282
7225 9636
472 5766
895 1996
9978 7309
8991 2491
6917 6321
5871 7812
3704 2504
4821 9721
1877 3513
7569 7398
926 6379
5288 2453
2435 7432
8951 317
4538 3292
4104 3319
8026 5064
1090 4237
4085 5862
2997 7641
2291 3992
7560 6593
5346 6409
9396 3512
4550 3603
922 861
5955 514
6163 7263
7528 3112
5248 9827
1677 8343
4440 3605
2950 4277
8302 2185
7599 5752
3620 4665
861 4867
7611 8393
5966 9885
7701 490
1352 5442
1296 3544
2810 8774
595 228
2543 2131
452 3564
9462 5641
4586 1344
6119 1983
2566 8224
3500 2827
2118 9201
7411 1355
6924 1138
3042 6031
4162 311
3348 896
3769 8494
3388 8960
4198 5768
4580 5138
2311 1838
2946 1918
1354 3939
8583 5489
368 8351
1952 638
1077 9036
6816 3869
6224 9763
3668 1386
9720 2605
4127 5644
4631 5711
156 6329
835 3876
9138 7332
1050 4338
5437 881
7829 6227
7287 1176
4097 6366
3023 6906
6610 5190
8893 5211
8775 1965
6859 8177
7413 7489
1823 3835
7232 1812
8315 9959
6452 3687
7611 9419
5332 2890
1594 2339
6731 7532
8607 7589
1279 1854
3689 9350
1313 6539
8443 9918
7743 2769
5992 1678
1911 1385
5735 7867
6096 9755
4339 8464
2751 8559
1195 128
7221 7318
3459 3290
1476 4606
4836 6943
2687 1380
1536 5671
9956 2270
4661 7885
3983 6297
4013 8965
8275 1478
8515 9614
1239 3850
1938 2180
3628 397
1469 1982
3998 6709
5952 8374
3182 5886
3194 4750
1087 4414
8602 3159
4648 4954
8011 882
1717 4088
1252 2190
5781 5996
4808 2987
5531 7734
8476 1133
442 3250
1326 4951
1177 3252
6035 8291
1112 4334
1717 2663
3718 2928
7376 7150
763 6481
9962 8779
2280 2874
1131 6245
1829 3079
7091 3350
2419 3486
6872 2481
655 7274
3164 3348
6933 8844
9838 4024
2356 288
4230 9346
289 1994
4550 298
6668 409
5707 5374
6861 5394
4452 6300
4455 6486
2391 9771
2526 1176
5627 2151
4913 3611
2894 1004
6553 1011
7211 5916
1833 987
4902 2291
1408 6409
4107 574
9385 1184
5279 4286
9160 4314
9399 2810
3505 6848
8020 1999
2166 1391
5117 2387
5375 5116
7589 4689
7482 1321
822 9140
9998 9116
5903 2652
4059 4257
7356 3859
7316 7090
7516 2559
147 6754
6031 3493
4217 4484
4931 8511
7947 7678
6332 1115
7257 5795
2708 6894
2283 726
4209 5523
6398 2196
259 6148
8274 2954
5231 7192
3510 4349
5861 9489
8004 6434
7029 6543
3344 199
1457 150
366 1655
3636 4502
3112 8922
1779 5518
7734 7752
1170 7306
481 6102
9842 2532
999 1781
6195 490
1392 5707
3050 3286
6089 4611
3991 5232
4441 2348
9100 9196
6050 1799
5164 5890
897 4803
8519 4356
7214 4740
1725 3994
6266 9490
2316 2534
5468 1127
2667 5395
3806 7611
289 842
1323 4395
1773 8126
1788 9877
9172 5996
2146 3661
3981 6521
675 3982
1140 7539
4028 1160
9858 1731
7169 6985
6068 1797
4474 8316
8061 317
4287 9481
7694 809
5425 7105
7445 6082
7503 2844
7467 9237
9907 5213
8184 2089
3438 6213
3487 5615
8857 3753
2945 520
3753 8128
268 5705
8642 3247
6647 7938
5073 9260
7679 7439
1796 4709
6627 1798
120 5840
1018 3465
6750 4626
2466 4553
8993 7281
8771 608
1205 8927
1057 9146
1385 9504
1421 2135
6357 6451
5404 5060
6016 5189
1299 1094
8831 8118
8810 9696
8866 5878
8446 8448
6674 3956
2594 5930
4796 5741
3915 7224
3242 2745
2023 1145
8611 3428
9830 854
4090 6267
5306 188
7493 6658
969 6139
8181 300
6712 387
4316 2878
144 6634
7379 1704
8534 3249
3199 684
7256 1655
2802 4647
3749 3794
1908 9862
7151 6211
5199 4706
7398 8562
3460 2820
4332 513
3559 4586
3330 1062
995 5623
6084 1701
9705 9800
8326 3869
4583 6254
8872 5486
9104 8749
6656 6453
5890 4229
6966 196
6005 6075
4896 4417
2272 4416
5645 7548
309 5747
2400 4591
7971 487
9740 4328
6656 4494
9932 1061
5843 4774
4091 8807
7602 5837
2814 9602
6864 972
6128 5989
5812 2523
4019 1119
1461 8700
1617 7902
3027 907
4270 7327
4599 1905
7363 3390
4866 6122
3428 5257
8433 276
6639 8085
4173 146
8746 2650
2554 528
4249 2452
6724 700
5960 1911
6642 2358
884 926
3614 1007
4521 1215
873 3451
5338 1535
1586 6972
1725 3943
2381 8403
3374 845
767 2700
1085 6006
7299 6786
8108 7527
8959 3968
2618 4639
3150 4257
5865 6654
7568 6943
1068 2337
1484 4504
7437 9447
2636 4639
1414 5900
277 5233
2453 4104
5365 6097
1732 156
4990 1820
7206 2594
3746 4861
2939 5099
6907 1874
7822 7074
4398 7377
8814 9759
3203 1285
7913 5949
2751 9630
1066 351
6131 9794
1521 8851
1019 5139
8448 7971
7636 1040
4065 1513
2829 1278
8781 238
1068 237
3962 823
7174 6576
8327 8237
955 7887
7738 4061
3479 1485
9375 4660
503 9470
2028 193
9919 4473
9857 8868
1874 488
5442 5153
8933 4513
8144 1237
765 936
4713 367
5917 7714
1529 9659
434 3454
8935 5515
7199 1140
3242 8910
2840 1776
8174 300
8587 1659
5297 5754
3743 1174
715 6879
4569 5835
7410 7552
8328 5369
9933 1654
3363 9290
7531 6937
4351 5363
5281 8192
6143 8471
5709 5279
3010 3996
3577 9424
1966 551
4228 7326
4381 8915
6571 3364
5578 8140
3606 7190
7517 4427
6171 5215
8581 2999
1281 1311
2515 379
2103 6997
7646 8258
7287 9767
2391 8400
8210 4223
5697 6494
3903 5236
701 1444
6739 8953
7651 2437
8693 9333
7786 3175
9534 709
6392 1537
5060 8662
6812 6973
8539 5508
5046 684
4689 6611
8044 5157
7409 2644
8545 5736
5948 3242
7312 8565
5484 5874
9955 4394
4878 6254
5634 9532
9305 8752
2208 3131
7497 9381
1949 3631
8759 6861
4701 1322
1750 9084
713 3186
9188 5067
7927 2315
8667 8717
913 7037
3202 2386
9649 6139
6631 475
7762 8325
388 9289
2223 6671
1813 3905
751 9613
4193 3608
2072 8427
1295 3945
4370 7472
8657 4438
2123 9689
3800 4044
7712 8734
6838 1215
5974 8046
9158 7981
7694 1526
4297 7446
9420 5243
4926 460
5586 7257
5404 6253
3051 3914
8442 8959
4570 5242
6869 5738
7978 9251
1807 7146
4496 1929
8259 2841
9967 3924
3032 3656
3667 113
1503 2289
3165 7660
4681 2761
1686 607
1069 3966
5471 9303
1235 6216
5681 7449
5501 2507
5385 6629
7997 9608
1672 4519
6299 4300
6314 8998
7713 5974
7483 3247
9245 4616
4201 178
984 2538
9167 6559
4509 6971
670 780
5601 6163
1109 3284
1771 399
9668 2206
1545 8436
3525 4548
1667 5596
2836 6629
968 1788
1968 713
6877 4022
4904 8308
2218 6852
7255 523
9415 4903
9825 5837
477 4960
2514 3148
8156 7915
5746 4660
2214 4871
8238 6466
4547 7178
903 2334
1230 6968
9651 4593
3476 7376
5744 5853
2736 648
5862 4673
2560 2912
9508 8107
5236 9269
5153 3908
5532 484
4811 8224
566 3398
2444 3199
5782 4391
3396 9955
9711 1222
550 2706
5119 6793
4059 4206
2703 9313
3249 7124
9529 678
9190 3099
5311 8957
3628 3460
6375 6024
3505 7066
2337 9167
1589 9604
6537 7889
4004 1178
1346 7228
2180 724
8682 2136
9661 6876
5419 8382
3477 5400
5153 898
2181 5863
2168 6769
9231 5627
7584 6089
5319 927
9369 9503
960 8108
8319 4428
3592 5028
4880 3611
5179 8418
9083 5414
4597 6667
1417 2569
4472 957
4839 2307
3334 7847
7340 7057
3294 7382
3019 2138
128 2169
9519 4225
8541 5649
5034 1289
6918 3425
5392 2412
7241 6629
3628 3315
1251 4444
3495 9192
4033 7144
4871 8039
8925 896
7003 7037
2655 6745
8622 2235
3985 8893
2982 4657
4962 7126
6678 1321
9242 5500
5739 8121
4587 6730
7998 4839
6912 9639
6843 5602
8202 6867
1276 3782
2451 2679
3865 6554
2066 2345
1048 7408
4259 3492
999 2433
5791 5293
7168 4182
7646 6713
8559 1874
8279 8602
5722 201
1621 8526
994 7487
6900 964
5534 768
5692 978
9950 3656
2870 2124
8861 5960
4245 8767
3426 528
1107 2061
351 4002
414 6847
5424 7941
5691 1948
6351 9673
6864 7275
3368 2967
9621 9297
4450 5779
5991 4255
6600 8733
5251 5503
8368 9378
8155 6257
8173 6322
2261 5086
7301 3792
759 3204
9557 5432
4041 288
3222 1328
8382 2653
4358 3448
9112 4456
3094 9766
4141 3496
566 3571
7650 1263
6620 1866
7220 1573
4800 9716
4563 6422
7938 4197
4599 7849
3422 8590
2564 3244
7347 1590
7953 2128
2857 4745
1201 1672
1659 9710
1138 9258
185 7794
4195 8338
4076 7706
9595 6027
6649 1265
5526 1488
9832 5566
444 9457
2304 7629
8582 1102
2771 7945
2491 2431
843 3206
1748 8950
4851 7491
8174 7310
9365 6642
6714 1920
8235 2380
4265 3995
8245 132
2398 1767
6728 5991
9359 9765
226 8155
9869 6943
9996 8187
3308 1701
5365 8606
3405 3138
6561 8949
9484 1406
8662 5561
8297 9462
5523 3919
5620 3442
8526 6885
7831 192
2733 2583
8776 9981
7782 5107
3660 2605
1548 114
133 737
4089 7110
9283 1563
6422 301
2230 5497
6729 6853
3012 783
4790 7958
3640 2030
6439 9526
3981 7252
9828 9445
1122 1991
6072 2324
4203 9554
1160 8139
6046 1853
2450 7620
3520 3005
9127 3854
1500 9893
5909 3227
6630 5051
9991 4956
4384 630
8699 8537
7077 4292
413 7872
8098 9373
803 5969
1293 593
9864 9060
177 5399
6270 1088
9832 2723
2508 6379
9638 4372
4030 1647
4781 5289
7413 7147
8685 2074
1360 2330
2076 7402
5274 3383
9441 7469
9241 8911
4773 9535
1787 4935
3769 4006
8223 7331
9071 542
9227 989
5945 4475
3366 2896
7837 7914
1932 2985
1147 4300
4401 6404
3507 8611
8323 1900
5720 2079
1353 2157
8004 2641
5054 494
4043 5163
9575 4087
3641 9626
1973 4421
3210 210
5938 8996
6570 8053
5486 4887
2202 5592
6505 4554
2615 8485
5159 2808
5182 9115
4625 6044
4865 2327
6262 7988
5518 4891
2038 3109
3778 3106
7674 2742
7947 9094
7081 6017
1453 9082
6056 125
5009 9341
2349 6067
7522 9868
677 5199
7411 6420
1153 3786
174 3731
1964 2509
1790 3337
8439 9800
4394 1937
259 943
251 3904
9877 4868
8899 6801
3012 2499
7968 9739
8389 7312
357 3933
4062 1769
2543 9944
5220 5263
5939 6855
4460 6682
8680 3362
5626 8312
2891 3796
2229 4438
7399 8521
7771 669
3643 8618
5177 9846
7866 6127
6825 5497
3383 1327
5539 8332
5072 1680
4535 9121
4559 5107
1244 7707
4755 6922
789 3559
2513 5035
2920 2619
4156 2310
9397 9232
3174 5130
7461 662
6782 6690
743 9733
5088 2044
1905 6275
3432 8562
6066 3069
1599 7882
4593 2430
4526 1361
1231 4602
1434 3918
2430 8617
5451 5795
751 8348
2677 8275
6469 8082
4114 8744
7707 4446
3381 1730
8471 9038
9542 2647
2142 9746
3855 5674
8136 5913
4411 5067
2148 761
884 1875
8202 6239
588 1683
1719 4867
6841 4211
6868 2411
3663 9572
4620 1197
6702 9055
4845 7510
3212 4781
1059 8236
3815 8503
1004 8882
3109 2020
6804 832
9900 134
3212 9386
3783 2483
7999 2161
1666 8030
4842 3940
8513 580
9056 524
9343 1769
7037 6500
1851 8359
4602 8055
8213 3841
6534 1215
7804 5736
5884 1117
1510 9319
3566 7759
8470 4667
1151 9095
1092 3400
2767 5268
211 548
549 3250
4764 2332
4620 1672
9742 5454
6907 7557
6767 6821
1098 3841
2514 898
7562 5394
3870 3327
3414 2613
7463 1239
6732 9040
4068 2609
1874 5026
6534 3956
2733 4425
7515 259
439 1159
9875 7314
6137 5824
8107 6522
1138 6408
7408 445
4181 2538
4932 7123
7785 831
780 5004
9674 9287
1858 3212
102 5840
8928 7343
5277 1419
3046 8421
5567 4143
9241 1899
6859 9913
3456 3078
5127 7002
3614 8912
3597 891
5617 9023
7906 6069
6251 5196
9005 6990
7650 2194
8537 9852
9677 6547
2232 6127
1614 8798
5422 2615
8252 9357
6137 8754
7304 2672
2057 4540
6643 4988
7823 9969
4490 6061
1082 6811
6247 2084
2719 3976
3235 3510
7816 2196
9801 1447
7956 1176
5305 6929
3109 596
6844 2834
7860 7049
3271 7766
5097 3615
5005 1906
6111 2264
3189 2448
3953 8922
1701 6105
6911 6168
548 1642
7003 1442
6478 1515
5839 300
1082 2521
7552 8193
529 4639
5675 7957
1341 1417
5010 5232
3300 9288
2191 8024
1698 9136
4430 2452
1012 6272
2297 2657
2648 2824
2162 4926
3657 6685
7938 5519
278 8205
7928 1332
1951 2542
6112 4906
1695 9144
5541 9464
391 1275
1329 4083
5834 4045
8659 2726
2895 6816
9490 8139
9080 349
8909 3868
6012 5195
2457 495
5062 6219
9724 9015
9713 1069
3025 1404
5866 3594
9786 9011
5653 4198
7839 2145
3893 2536
1610 1042
6260 7333
9468 6174
9770 3451
1790 7765
3166 4531
730 577
4646 5328
9093 3315
2086 9300
8381 7476
6081 5769
7683 3374
6479 8678
9735 5183
6012 3326
6318 7323
1386 9564
9892 7793
950 5432
4785 1567
8392 220
2100 5796
9220 6237
2944 3590
4649 5322
9283 3271
1719 3579
598 7399
3778 7832
1778 1371
336 307
7844 8308
7770 589
1917 253
6793 9787
9591 9934
4561 1607
1200 7210
2505 673
1147 5961
9552 4163
7217 6095
3060 5110
3170 2233
1011 8289
6248 4981
7955 3843
2090 9343
5523 6906
4554 6109
2521 7276
3349 6662
4420 7430
9568 677
8017 1012
683 8143
4660 9476
3503 4068
4503 9274
3769 8097
5036 5079
7497 6895
2416 1517
8527 4297
3104 3799
6736 1061
7951 4200
5317 9124
8700 3747
1844 4233
7016 301
1723 2559
4892 578
9586 3133
5837 7913
661 328
1509 8919
4570 7035
1587 6002
954 2048
1697 1040
3069 6825
5922 7960
1060 736
4259 5139
8168 5274
3128 9275
2227 9609
9910 1866
7114 3686
8337 1164
4638 5208
400 5640
7467 2839
1935 1738
5921 5374
4899 3178
9480 9211
244 3928
9355 1196
696 8273
6373 2395
8273 6772
6274 3072
2026 9895
3786 7169
6396 8992
579 7238
6589 6408
5182 1125
1959 6240
8095 4838
1520 8162
7783 1837
5537 9173
1909 6856
6890 8051
4477 8425
1372 659
6004 6133
2679 5490
1147 225
1050 5324
6424 570
1228 1167
8358 8408
8620 6644
4278 2165
1673 2415
1258 1124
7340 4043
3665 8518
7053 7305
6050 2808
9355 7712
8476 2449
6461 1928
8749 3665
4928 6881
9540 4135
2788 1778
1252 6887
8796 3438
4889 6329
8211 2776
7282 6460
5494 6359
4953 3711
9989 6302
4759 6466
3623 3954
8734 9327
9517 4120
5905 6794
9767 2790
6039 1720
6675 7407
1606 3670
5449 506
2798 7896
8452 5855
9214 5095
9478 6007
7017 1188
2103 8630
9475 7699
9791 8756
7916 1063
1620 8827
4013 1330
9198 599
9726 3651
8536 6177
7420 463
9874 1204
7304 3373
8627 6764
5627 3131
8012 1905
3347 337
7934 6903
6529 4990
9885 9458
7328 9947
7825 9179
355 7689
7347 3669
3928 8127
597 4875
7077 8719
1266 4771
9537 8339
7374 6120
9139 2223
5883 2972
4957 1857
3315 3254
1920 8961
5803 5509
828 1862
1804 652
1205 707
6914 2802
7268 1028
8951 2060
2024 2402
2993 9327
895 3623
8308 8133
5055 8536
1897 4559
6262 5263
1590 1937
3212 7444
7092 9068
4100 1013
7252 1764
5107 9439
7788 975
6581 9849
3452 6663
3879 4869
8809 9728
5778 1539
6704 4112
3725 8643
3737 6432
2530 9330
5768 3814
2127 6429
7922 9194
7492 9011
8621 3534
2302 3521
5322 5155
5132 2204
385 8143
7279 4471
3557 3040
5157 8197
3607 5758
3932 8908
2554 571
9274 331
484 3793
5470 1377
3407 972
8835 6353
7906 7630
4626 5450
5743 4562
8135 3910
1267 1790
8127 4527
1029 8914
3615 6073
3874 4929
2413 9637
7095 6419
5142 2952
4862 893
7999 5782
7398 9495
6850 5169
2858 6651
1109 5695
1509 6895
5446 1566
4782 8202
1971 1864
180 4102
3788 1485
5806 3969
2825 6874
6856 6539
3722 4369
5190 128
2718 4038
5283 3155
4124 3396
3679 4079
8863 6918
7089 1981
5190 3576
386 3106
4015 3624
510 3757
1703 9642
7051 8862
5258 6832
5700 6068
1650 6858
6706 8054
6080 6804
9750 6673
2228 4614
3399 6678
5257 3464
3326 3017
6952 163
9822 433
3337 6344
6654 941
1050 2584
9111 1080
205 333
6703 4070
5137 1150
2966 5515
1890 4895
8235 4223
2637 1010
9105 6530
7192 6146
9550 7261
8984 9046
3103 3165
7949 5603
4181 9337
9999 8467
560 4187
6309 3457
3845 3647
5127 7812
7671 1848
640 1662
410 9813
1182 3471
9250 5305
2033 6456
3610 9289
4369 5683
5277 4756
7769 5943
6951 3863
6365 7290
3578 3624
6837 3865
2700 2834
9104 533
9810 4397
6359 4481
4937 4280
5097 1558
1794 2481
7450 8458
5288 6409
6352 7311
9908 837
5688 5916
4606 5232
4304 7898
8912 8568
3560 2249
8445 6235
4686 9511
6217 2504
6675 2037
1180 1342
7804 7351
5378 4134
1262 4848
9778 7030
9140 5134
8018 3076
5823 348
9082 1505
774 7296
819 8716
1443 7569
2274 697
735 4603
6592 3304
3066 1326
7409 2956
357 416
8804 7155
1664 4101
1466 7244
3205 3279
7828 7901
5446 7221
2558 3513
2949 3632
3577 9501
4983 9276
2829 4203
7614 6354
8908 2979
4445 1754
5292 7733
503 6169
6808 6708
4277 520
6452 6673
747 5184
3844 4363
7360 3981
390 2859
7969 5881
4174 6342
6238 1344
3768 3339
4035 6405
6450 4831
7346 9438
8818 6127
563 7883
3675 2028
326 1124
8312 8638
753 3062
1656 8964
4074 4253
5586 7037
5297 3139
4727 2920
3743 2793
2099 5914
4304 7578
8636 4492
5589 5883
889 2085
8340 2303
2910 9873
5779 1503
8691 4291
8942 6883
8608 3263
7165 6566
9982 6635
172 9258
8549 9834
8297 9647
9757 7548
8889 4771
7169 4576
9416 2557
5225 5718
2993 8671
4667 5325
6410 9439
3739 5317
7204 1966
3263 3799
4441 5352
7295 7189
8627 4728
179 8813
9310 4031
2244 3879
5505 3991
5931 827
5001 8589
9830 5623
6670 3046
348 6129
9394 8033
6902 4265
8528 7353
2702 4111
3629 8546
8750 6838
9135 1082
4028 4661
3926 8199
9315 2681
4104 5903
3366 1293
4717 9456
1889 9676
1758 3154
7226 7331
3178 5544
1482 5856
9577 6031
806 7451
688 3648
2674 4499
4488 2482
8767 4571
8163 2446
8278 7185
1426 8839
3708 2808
6289 9201
7188 3008
5324 8400
5925 5491
7873 4235
3224 888
6078 3575
9491 4965
8924 793
3696 7895
918 5752
6705 6743
7041 4783
9771 3644
4895 7089
7918 3833
1933 4449
5522 8333
7573 9956
9742 970
4709 4020
256 2279
9296 2146
3548 4718
5158 8058
999 5751
9677 8773
2611 2562
3042 2456
9193 9601
6938 8593
2818 3263
3153 1765
1597 3279
7379 6152
147 6587
2118 159
5828 3868
800 369
2637 8841
6817 2521
3058 641
7100 6521
5108 1722
2196 1363
7058 7755
8337 1214
1716 3639
7897 2530
2807 9204
8376 8470
1320 3748
1746 3022
4161 5010
1602 4519
2846 5053
1471 6302
3366 1485
2833 8716
1862 7713
1990 6731
2093 4037
5920 8739
3597 9472
3765 8273
6621 5111
8539 5633
1479 625
8812 5096
5051 9240
5636 6230
9678 5103
6180 6813
8942 320
667 4679
690 4865
3749 3159
563 9893
6364 946
1100 6439
7031 937
9331 7611
6880 3932
8262 9600
2345 864
1386 1069
9375 3978
2962 1552
4163 5874
7896 4101
8130 1407
2742 2316
6155 3996
2652 115
253 7919
6144 7401
9432 5487
1395 9064
1304 7426
8072 868
2082 8450
4180 3372
4669 2452
5266 7419
2319 7848
4042 5893
900 2113
1749 640
6063 8033
9278 4031
9407 6546
8364 7741
9002 2325
7250 9536
3502 9023
5185 5340
521 2136
3740 9291
9049 8088
5687 6922
9522 7012
8296 5620
9461 2124
9556 9744
1722 3799
5931 1339
5464 1700
4468 4152
6719 3485
5598 7909
7499 7826
4718 4161
6140 999
5131 5462
8578 7564
7307 8648
2380 9171
114 4615
9652 1441
9870 7450
5307 5754
4282 5394
7296 9447
986 9787
8722 3432
2195 7686
2916 7626
2694 9203
7358 7597
8049 4017
2021 8081
7562 2313
3689 349
4449 2613
3166 7651
3791 9592
2510 4235
9447 5819
4612 7728
1629 6289
4471 9390
8764 8466
2723 7813
6896 7559
1040 5108
1567 7532
8130 5522
9646 2552
5527 3253
3649 6899
477 2547
1198 8028
582 7251
7143 7585
2303 9461
8429 4088
7003 8288
5609 8825
2399 9682
5743 8451
8203 7422
8020 7859
582 7430
4253 4261
8187 4748
830 9681
9063 301
969 8910
9487 9564
710 6640
1207 2306
9799 8138
3662 7955
5446 4869
6530 1385
8562 8402
1040 1062
8968 918
1335 6999
5316 731
7527 4444
6137 3275
4666 6018
2260 4749
4536 2059
5216 5694
9665 7983
6249 2781
5097 7114
246 1458
2151 4221
9297 2354
6662 5837
2201 9047
8642 6438
9201 5847
8254 6567
6433 1576
8617 758
8110 9086
475 5160
8912 4146
6809 4976
103 6977
4317 7518
5711 411
7402 9542
7707 4056
6315 8513
1282 5661
9617 7289
4115 4246
1921 1321
2423 1174
3603 825
3893 3651
8611 1569
9454 5409
341 9285
6078 128
9181 1370
7706 3725
954 7436
846 5717
3400 639
3026 3835
1527 4328
7594 4159
8893 6698
7226 6116
2703 2912
436 1269
5427 8496
6765 3104
9144 2063
112 7560
2689 9899
4220 2359
1591 8018
5889 614
6498 3760
7101 5298
9424 6165
887 3028
2567 2738
6556 7935
8676 3969
2830 9713
9150 245
3633 4740
2514 6260
5006 5048
7118 7266
3817 433
2943 5685
6830 4241
2701 291
6058 3459
5537 8291
9143 6163
9089 4979
1908 877
3650 7142
5835 7354
8072 1050
7060 3344
5867 6364
7338 4342
7166 6257
6614 7103
8155 7298
1601 9563
8097 4570
650 798
647 1570
1375 7605
1425 3298
9941 3705
4949 5156
9162 362
4065 9129
9077 9362
4153 4209
9233 2704
5794 3609
6879 2115
3624 7671
3379 4259
752 9463
3429 390
5960 6790
9484 339
7289 6342
9042 7037
8456 4846
8523 8766
661 7660
3892 8890
9566 1296
494 6175
4974 2714
7098 385
1624 7233
3358 1140
654 5111
2349 4473
3614 606
4180 8584
8802 6550
8352 1110
4785 1605
4047 1912
9199 5058
1689 1626
8898 4082
2799 6799
8582 4674
8800 1132
3816 1471
4588 353
8810 5977
4945 5295
9785 4002
9062 6199
2086 7302
865 3133
8546 4501
1006 9591
997 3981
4515 9670
4790 5043
7285 7148
7064 1636
993 8786
2099 2539
6839 8858
7988 7976
8278 8735
739 8659
3295 1357
2602 4804
5020 6652
377 2898
7733 8339
4719 6374
6659 4707
3993 608
8652 8434
4621 4514
3083 7075
7631 3056
9724 1960
1535 155
1035 1788
7181 7088
6209 2967
3764 2445
2639 3769
3355 4899
4439 9213
3034 329
8268 5400
4872 8635
4007 3623
4245 4107
8243 9453
7124 5300
7791 1758
9937 5978
8973 9191
5360 5643
5322 5151
8830 4168
5202 9350
2229 1894
3087 9920
3566 880
7576 5330
3646 5597
9313 4161
956 269
6218 3135
2779 9430
7095 3609
3537 4761
3310 8077
2302 5790
294 6988
7190 7485
6278 6220
6725 7542
1359 7373
171 2320
2670 6063
4741 649
6577 8854
5760 1454
8021 4578
3253 6019
1828 3619
5304 104
856 2131
1507 9669
5816 3933
1989 1090
7464 678
4513 4576
9509 5382
1495 2489
8755 2354
4972 6198
2986 1755
1764 9011
8356 447
744 5022
8814 9287
508 3658
4844 8027
6166 5169
4933 3540
2972 609
1758 7126
389 8626
6380 827
488 3698
5877 8884
2459 2152
4522 1175
2337 4428
4093 1233
1000 3894
1942 1848
4479 7651
2771 9944
8390 6956
9519 6358
5993 975
2779 2277
533 6502
6827 9328
5598 7404
3952 4537
6849 1298
2112 408
6376 9706
1211 8191
3489 5205
8997 5715
6780 3037
4755 1682
9917 3709
4423 4334
1545 9864
2748 1659
4331 3870
9883 5662
1287 1628
7197 5860
9783 4134
8812 1461
7229 9350
5642 6890
5435 2099
2645 4670
5679 1669
2014 6774
1522 6075
7951 8689
862 2339
197 8254
3144 6680
3238 5567
1231 9656
8555 9399
5489 7557
285 9137
7238 5529
7760 6538
8582 9890
7481 2965
2818 4826
3143 6418
5567 8602
4796 5503
7991 1869
9127 2991
7858 5777
799 2084
2953 9833
2826 6192
9305 7727
863 7434
999 9299
6877 9920
4009 355
7716 9047
5138 3895
2369 7417
2623 8978
5178 1472
773 4091
7593 5652
7507 5690
9941 4580
1729 5937
4405 7427
8383 9656
2126 3885
5732 7368
8551 4202
3339 3122
763 9285
2699 9879
1701 3054
4983 2845
3978 8185
2951 2854
1473 8066
8111 6461
7064 1027
5478 3418
1702 4818
2474 1690
1146 6217
2089 9963
7864 5492
9858 3396
8406 3201
4966 1938
7543 7194
1857 468
5500 6605
9622 3143
335 5500
8900 7462
1631 7610
3724 9468
2016 6448
3869 951
1538 9129
5379 153
6096 4555
4752 4929
3477 1030
4907 4519
583 5531
5801 5237
9479 361
7198 2027
4347 9602
7763 1391
6248 6530
8373 7470
5700 1720
2269 4369
9755 2990
4232 4336
3691 4248
1816 2608
1020 4213
4888 3496
5978 9510
7465 7833
8528 2117
5317 6263
2207 3017
2194 1683
9684 624
1092 8767
9328 5418
7290 6358
6877 5199
1301 4191
8800 7893
6337 3575
8096 1329
6919 9279
4184 8250
9136 6550
9985 790
4742 7125
7231 7530
6458 3148
2269 3952
5820 1327
3019 4793
1782 4387
9091 9892
1202 1588
2202 6531
204 3001
7340 615
8708 3645
316 1394
5558 6053
5807 1787
764 1067
2085 4716
4825 9554
4336 3510
4790 9807
9096 3662
6975 1866
5555 4367
1295 8078
6757 2101
5821 2693
4199 2076
3311 1495
804 6154
1151 4632
9058 1809
9687 4029
8509 2410
5975 5900
7250 7176
3539 8861
8483 3675
9052 1073
5064 8208
500 664
3221 5910
1923 959
5373 7691
400 8310
3767 1623
2344 5499
4832 4355
1316 4100
2436 3974
6695 5678
7818 707
5399 2235
1427 2401
9986 7032
8869 9964
3522 1914
1390 5134
7609 9370
4294 1548
6899 5226
192 4533
4213 1009
494 4757
7006 6707
3171 692
7931 4010
8050 7776
2089 2071
9719 4024
7672 9159
7418 7570
4030 8535
8039 7288
6248 7434
7241 3425
2607 7950
3809 1137
7830 529
7982 2119
6264 1323
5893 3096
8025 3686
2840 311
400 8834
7797 2887
4590 565
7366 8645
8978 2504
9730 5645
3908 277
5407 1349
7308 1200
7908 2562
8633 2288
6849 1797
940 2063
4478 8439
4057 6984
6596 1888
325 701
7502 4271
6248 6868
8091 4717
9755 1920
8891 254
7514 9611
4063 1830
6852 5196
8401 3993
5175 1341
2624 6858
3175 542
3199 6192
8836 9530
2318 8644
7214 1454
3915 3763
9676 5685
804 7890
6160 4031
9869 7351
3982 1381
2155 2474
5897 3379
1543 2183
6299 113
6151 9705
1457 6690
4597 599
5309 2423
9457 7431
1800 8341
7525 5810
2008 4952
2772 9167
6745 5592
5125 209
6140 4945
6338 8861
4038 1648
7981 3340
5980 3066
3742 9025
8838 2194
5927 8958
2640 3339
3670 1295
7227 5166
3567 2368
5112 6810
5318 1828
4877 7719
4840 2839
8610 3883
3708 4720
3163 6558
3361 425
7531 9109
4492 739
9249 7720
8617 6829
3675 1875
7970 7626
3405 5838
4729 1098
4511 9230
5164 7669
1159 5526
351 198
3178 779
7139 8403
497 6121
6944 616
6975 2720
8595 2119
5342 6681
4112 4025
2871 7529
5815 6007
7978 3992
3973 1131
8954 7114
850 2230
415 1573
5076 4127
4981 2654
8566 9170
8849 3370
9550 9921
4339 1764
8767 5420
8873 7366
660 4988
8156 4143
851 7572
7554 5899
6664 4824
9708 5044
6483 4952
7990 8635
3087 2580
1993 492
8543 5180
8414 6059
5771 7701
4328 9170
8718 2605
247 1176
685 3879
2963 9681
802 763
8167 4082
8642 3924
8695 6424
7206 2147
6940 4686
5993 768
8717 3354
5895 8383
9644 7572
4811 5013
6535 8522
816 4654
6435 4734
5497 4665
3529 5982
6017 3752
7243 1411
8433 4493
8828 8736
8974 733
5961 3461
8682 3893
3298 1406
5142 5888
2699 1226
7271 4172
9940 6477
2741 3211
9192 6494
6256 1871
7704 6973
7579 1469
5109 4491
3011 9690
8051 2319
2421 814
504 605
6383 147
7048 392
6892 5849
503 5741
792 4488
640 2717
7503 2228
1611 1799
8365 1698
7579 3145
657 337
3714 4451
2371 8062
2115 6337
9230 9344
2642 3713
8484 2436
3783 5587
8982 7401
6844 9051
5218 5857
5467 3991
1319 7323
1840 4128
236 774
3025 4158
4188 7899
8010 8849
1014 8778
4752 2258
4356 5069
3362 8044
1846 9793
9775 7230
7069 5815
7651 1775
4675 7988
7870 1720
6119 2536
4097 8879
9458 788
8805 7882
7152 8642
8509 6454
9354 4234
7139 4602
6362 3168
6398 2245
5000 931
1241 7110
138 9014
3787 6417
1642 6925
1121 2516
7879 7005
388 5745
1849 4520
8365 1678
5588 3636
6404 2736
747 3361
3084 1508
6926 8894
8648 5653
4667 5534
6777 4162
2037 4086
9982 2518
270 7619
4577 4733
9474 427
6401 8328
6801 1684
8993 3294
283 1696
8355 2984
7062 1878
4758 9679
4739 5357
9709 7755
9145 1929
213 3573
4140 8838
9140 9042
4613 5428
8869 907
9807 7519
9973 9771
773 5137
7090 5875
6118 6504
3492 9216
6731 8686
9059 3073
1906 8502
9125 3870
9823 2688
2088 3659
6844 9810
4298 4389
8148 3870
2564 6426
3475 7224
9631 9378
9766 392
5421 9079
3297 1094
2725 998
2876 5453
5539 7068
4134 5392
4468 9742
4406 8218
6847 228
6601 6348
7920 7204
3577 2742
6723 363
4971 3356
6096 9219
8473 2129
958 9738
7416 7591
1460 9693
1918 7857
3666 8024
3438 3521
1894 2674
842 9167
5167 9470
5548 786
840 1383
8252 9976
8337 913
8177 1830
2383 2334
1185 8053
2101 961
7078 6680
2687 7943
8319 3370
3265 6092
5010 5347
7395 6333
6173 6734
7888 222
535 4670
7227 7975
8203 6275
9228 7046
473 3375
4433 7817
3846 9868
810 1618
7450 3574
975 823
5804 7582
2790 9482
4746 5100
7470 1724
4585 252
955 9165
5444 3779
1344 6141
2816 5906
7611 3965
799 8730
6345 6340
794 6054
7731 1572
5873 7118
569 2807
7608 4222
5230 4883
1714 6340
1756 6726
4634 4685
9521 5030
8743 8333
8237 9361
1042 6308
6561 3314
245 4047
537 8742
2799 1743
6773 5539
7852 6389
7916 1082
9722 8713
6920 4771
5108 6798
4327 4610
4573 2970
1904 1270
6740 160
2908 6964
4949 8821
3658 2000
7651 1939
9728 1164
3515 9118
9563 4524
5439 5529
7644 4229
8188 9337
963 4620
9868 4462
9594 2854
6399 1159
3431 9301
9259 5604
750 539
2935 5589
6776 5729
4055 9113
8500 1283
2097 8787
421 4216
8828 4422
2015 4932
6351 4510
8743 5605
3553 8205
7970 4444
4403 2614
2444 2210
8074 7228
2573 7940
890 5821
6629 703
144 3990
1414 8386
4745 1636
9153 805
9771 7395
4819 1897
1307 3397
6588 4033
8791 2321
1809 4872
6558 4401
144 8036
2843 2337
9992 7309
7612 6197
3512 2765
6823 5316
4400 6460
6226 5036
3091 6441
483 8317
4192 7521
6168 9243
7236 9332
6838 5011
1463 1496
7054 2839
1916 6318
4579 3882
2252 4407
4939 464
9392 8796
3328 3202
9082 9651
6045 3857
4353 4564
2935 6537
3297 1621
6060 8813
404 9682
864 6661
8199 4872
1317 1394
5990 4208
8846 7708
5089 4876
4427 6278
5034 9189
658 9737
2519 9684
6489 3889
8530 9841
5704 8491
969 3399
2456 1556
7559 543
1199 9693
1874 4075
1685 9295
5747 4593
7591 9830
7130 1232
225 2971
9889 2355
9873 9249
9243 6924
632 9479
1687 9945
2085 3150
3537 8499
5989 1999
4277 8802
5728 6480
1429 8682
5256 1353
708 1288
7929 2173
331 9506
7813 4205
327 2799
6851 3748
4857 3049
878 8567
9439 3554
4245 2537
7378 5350
7146 8928
9357 9582
704 7291
5308 8084
3897 6467
2468 6706
8332 851
1192 2518
7336 9609
5037 355
9759 2194
8876 6699
3546 148
263 244
2677 3846
6425 2188
4402 6636
3940 3655
235 4491
8517 2485
1541 3672
3154 2539
3911 2729
8841 6885
6975 5922
6156 3445
9296 7874
6427 7318
4875 2829
1944 3607
4860 5090
1504 6963
1658 2001
6303 8938
7340 5057
6705 8832
6071 5402
8806 5295
8084 566
3166 7102
972 2676
9619 196
502 6904
2882 6702
5056 395
9214 1525
933 6452
7766 9258
1240 9940
7428 737
5388 6040
9894 1226
9403 3150
2029 5829
7965 8264
569 3878
5653 9455
9872 7881
6178 1494
9847 5486
9261 5066
5065 559
4614 4533
9572 2157
7990 1017
3868 8018
3145 9306
9173 6514
9528 891
9847 1828
5027 9944
171 8781
3650 2615
6986 4146
9319 8023
8175 6224
7027 3846
3035 1291
7999 3806
7721 8357
6686 7309
1720 3365
3532 4725
9773 8947
6857 2041
830 5322
4028 9746
2231 6469
7648 5715
1714 8487
2948 8940
2337 5297
9861 2527
5746 9944
7929 7714
1249 2643
1849 9140
2488 1726
1918 2484
9614 2922
8593 2516
4155 6936
2853 4141
6332 9758
1113 8002
9101 1099
2852 3468
1251 9593
5505 5622
4459 3395
7655 5228
5763 4206
4965 7978
8023 4441
683 759
4313 9462
9788 3743
9344 7110
9384 2767
9347 8058
8280 8309
9259 5285
2190 4863
2632 1051
8364 8501
9740 8682
9656 971
2715 2464
4126 7687
3482 1536
9236 7226
4100 6366
3342 7046
117 2736
8088 2111
7396 827
981 7598
6044 4710
8277 3772
4367 5095
8744 7253
9068 8006
1493 6233
8366 776
2057 2797
9253 1298
985 525
335 9476
9653 2133
6765 7916
6104 3196
3300 109
1623 3092
7915 4993
573 8638
2521 2991
2964 7942
3655 8181
604 6747
9166 6706
4158 7731
8490 2492
9799 3466
176 5935
4744 2635
9558 2700
4583 4464
4151 5936
5662 7122
389 4403
4961 6489
1794 4729
3041 3873
9643 9667
7545 1396
8293 5676
8604 8765
5931 1233
4558 9867
618 6513
2831 9486
6407 7588
9596 7859
7054 1403
6464 2864
1513 9528
3416 3061
6443 6539
7141 3882
8311 7936
2326 1367
7310 1579
5671 2404
6774 3626
715 2769
5867 1361
8364 1467
4341 252
7176 6502
1306 1724
1894 8666
4241 3542
2458 432
5489 7112
4795 937
5667 1260
3571 7673
5636 2602
3447 2882
6746 2043
2456 6854
5684 6018
1546 2356
7442 6297
2755 8548
1241 4704
7512 8421
9467 7079
7522 5077
8353 8347
9222 7212
4659 8579
8290 184
1859 3587
5064 2608
491 1436
322 2713
8025 5645
1922 6703
4955 8365
297 4174
4185 1872
3448 7069
6163 6715
3617 1705
6841 863
1067 2076
4832 2884
4744 6937
9157 5615
4103 8027
8516 8524
5791 5468
3472 5779
5690 6164
6892 7826
6966 6929
6985 2422
2565 4711
8861 7603
9577 3954
8926 9843
7710 5223
4594 6751
7953 4715
508 3110
1138 7647
7041 4884
9107 5964
668 6737
3777 4054
3456 6717
4338 9914
3824 9032
5580 8562
8043 1922
3718 1534
8958 8638
6732 136
8279 4009
9936 7170
6161 9823
1874 1274
3567 7102
5356 2238
239 2843
8474 1996
5618 748
9557 1324
4690 3395
7135 1814
2480 137
107 9417
3467 5364
8634 2625
9047 3879
2185 5440
9881 3520
2247 9488
462 9450
8543 3468
8274 7291
4086 1049
5253 293
4142 7915
9370 7673
2232 9090
6089 8609
7904 2573
2122 9339
4986 1839
7554 3385
5178 7869
7247 1584
8237 3996
2977 2798
8810 304
4995 3987
4935 7471
4576 2232
4177 1751
9065 8016
4244 8877
5079 4980
2472 5435
1783 6284
9078 3976
8840 6905
5102 3758
5299 7732
1297 7448
8150 7848
8763 8634
7165 3495
4878 9782
7216 6926
8323 2367
6989 6000
9660 6619
7239 2350
9015 7077
5729 8120
3912 3792
1414 7002
3734 4963
578 2117
2545 3988
4901 3415
169 4619
1688 6725
7699 1022
659 1772
6399 6949
3855 224
9603 523
9829 4187
5047 1604
9206 7304
3245 7601
2913 5078
3899 6300
9787 1736
1965 9985
5207 5064
2764 8374
7191 8724
6735 9672
9529 8778
1879 4684
2219 9611
1301 8451
3935 5330
7760 1424
9570 9941
7668 3787
9019 5466
9373 6719
8523 4497
972 472
5827 609
3458 8900
1296 3863
2110 530
8622 7745
3995 6810
1425 5431
141 3131
508 4429
3744 7598
3700 6386
569 8108
3265 4992
522 4507
4311 5926
1627 6419
859 6555
6386 3236
7859 8937
1373 7875
1614 3763
4905 7756
3578 1283
4323 6172
4548 2558
3672 6426
8260 6865
4831 1221
7101 1179
5539 7224
7268 6175
6229 9224
1305 5303
1001 1653
9375 2255
3312 3979
3636 3888
8265 3660
3356 8124
584 5205
2726 2468
741 6268
1464 1387
5614 6382
1609 2178
9415 2180
6700 7116
9092 8170
7038 5705
4465 6970
6640 2182
9347 4536
4481 5108
5564 8513
4575 4603
7088 5284
2899 7600
394 7984
6437 4852
6359 5651
3611 764
9442 7458
8158 2338
1972 3692
8515 5866
1385 8356
3270 2513
6794 5054
8107 4115
6354 7837
3559 1157
5435 8286
746 9587
8062 2610
9404 759
3953 7886
2522 4175
703 8681
5752 7408
329 4228
4635 1704
4139 4411
7155 6066
7572 1014
6335 1563
8631 7310
7698 2612
713 2556
5836 5034
3762 1196
2896 5169
5075 477
4455 860
7150 8948
8035 9071
5704 9162
8950 6221
5833 4880
2622 4177
4000 4528
439 9867
2712 5547
8313 2455
7709 8044
3150 1890
2491 1489
7791 4061
1836 393
4366 8925
5851 2962
2599 8775
2345 3489
9088 1980
5411 2841
4151 1391
2025 4170
2005 844
6253 6851
2345 1031
9311 8873
2695 3811
3515 6528
536 9557
6600 1280
404 5846
4025 7536
8757 2568
382 3477
6910 3328
1722 1000
3953 8531
448 8202
4515 6855
3882 3345
3864 1107
6267 3945
4620 620
8087 7428
1428 9830
1580 5615
4449 483
1294 3476
6163 641
3526 7914
3449 9144
5049 9033
6761 4654
5142 5593
1258 6784
2802 2146
2846 5781
4568 6960
7285 9079
3158 4942
4921 6388
2261 5098
1792 266
1052 1732
7670 5296
2829 6240
5029 1272
4200 8519
6361 7737
3382 4321
3454 1790
8060 5394
1237 7948
2204 3300
3526 4209
4866 2886
4137 4596
6178 6054
4629 6037
5775 3009
2678 4235
3885 1423
1396 4174
4537 3655
4972 6504
1877 110
9383 7971
3868 2836
2858 7211
7646 443
2993 2057
5960 5351
2144 2553
1887 1017
2595 4554
779 8579
4344 4249
6556 9505
5280 7307
5523 7123
4587 369
3942 8935
3230 7126
6042 3191
4090 2541
6245 7802
2522 2905
8461 8735
6992 8583
4040 4493
8358 5777
5640 516
453 705
7790 2348
7567 5435
9201 7955
1882 9986
3399 4902
7915 8329
588 4843
9611 2809
1892 6549
3009 4657
621 6379
3817 2006
5807 8943
6339 8429
6155 3158
3154 7638
5944 6241
9519 7567
3642 1727
6153 8822
3366 4601
9920 6181
214 4434
3942 388
3452 8243
4215 1336
7543 6747
2367 5844
5603 8111
5332 6640
5727 7228
5588 1961
2740 3395
4876 2379
6462 7546
3877 9866
1821 9506
839 4485
528 8115
2845 8840
8916 3252
7790 4027
4606 2370
5203 758
1798 616
245 8659
1025 4216
8383 4975
7006 7462
8471 9625
6947 4838
6304 7614
6907 936
3514 6090
8694 4321
8132 9784
1089 4860
2912 8356
6257 1406
8187 3240
8413 4400
2952 3825
9980 3095
7915 2928
3566 5298
1510 2458
971 2758
2407 972
9252 9627
4603 4634
5561 645
9362 2384
7546 9105
6441 4198
4846 2561
670 860
3726 2747
2395 5197
9226 460
2974 5912
4130 8418
3048 9726
9376 3496
6654 2438
7536 5824
4209 9159
6104 3513
1293 6333
2050 9206
826 2015
2878 7911
2930 7420
1065 9143
9346 4959
6163 231
2272 4523
1739 9966
2185 6642
9377 3460
8632 6701
3126 1199
8939 6553
3186 2169
1777 8302
8092 3124
3964 7416
3010 753
9509 5938
7585 2764
6488 6099
1016 5174
6297 689
334 7265
9190 2971
7534 7598
7196 3458
9579 9789
8303 4432
1301 4531
7519 590
9569 4314
4823 2489
5108 8968
2626 9066
2219 7593
2594 7761
1374 188
9699 3978
6431 2830
1634 6200
7431 812
6651 7067
2491 6588
1191 9846
2991 2071
7502 9181
4843 5942
7842 489
132 4140
7342 2856
3293 5070
2051 7933
1425 1664
6438 1535
9780 5261
1505 1818
4461 7616
7383 2401
1235 2794
7978 270
7457 7095
3851 6583
7833 322
9032 4105
4896 3556
5133 6084
6312 7781
1990 3301
7543 2007
9621 3777
4473 2576
4548 1215
2032 9406
6243 266
5533 5757
7486 3656
5703 7141
8815 9015
3966 1730
8332 3696
6781 972
6451 4063
6511 2580
2410 2462
4244 5731
962 6813
2301 9898
7360 194
2710 9601
8080 6815
1971 2305
727 4771
1830 1008
8772 5511
8278 4489
8527 1847
9141 1909
2596 8212
978 7268
6949 3591
7321 5304
1705 3775
2004 8195
9451 3413
8452 343
9174 2232
8504 8219
1339 3542
535 2760
5792 5978
3416 3699
971 9225
7403 2705
8231 5135
1774 6351
6353 1905
8046 2013
519 9684
6366 5871
6368 1885
588 1318
5014 2377
2616 9148
2468 6129
9466 7193
4634 9210
383 7385
5965 6672
784 418
2655 4475
1422 8837
3663 7438
4096 9174
3275 9474
5269 3878
1831 6379
6693 489
2219 1045
7612 6256
1971 876
2219 3344
246 7704
4931 7584
3758 9765
4645 3939
7168 1110
7061 9912
7510 2365
984 331
3343 460
8463 5165
1046 5806
2545 1738
1794 4366
2394 3403
748 4679
7863 892
7901 5031
7895 4191
5986 5991
4700 1375
3877 8048
485 911
6592 6353
3367 8767
6654 9725
4857 141
6019 2237
1679 3686
8608 4321
9893 2436
173 2387
1015 1247
843 4740
6320 5668
4036 6330
6732 7428
6693 5633
3445 9752
9942 748
1694 9716
657 2291
4548 5746
1903 7282
4686 6553
5304 4883
1352 808
482 2504
7331 8025
3708 235
3518 5696
5024 2560
9093 8655
8311 6822
405 7790
9322 5045
8916 2036
3457 9186
309 1380
6250 2338
9742 4618
5402 1160
1207 9218
5095 8603
5569 4780
7038 1132
4929 4047
8567 146
2880 8774
1057 1443
9281 1675
2720 5248
5626 9034
1860 2482
2930 4522
8541 625
8068 9918
8932 999
8696 2631
4339 7545
5769 5029
4425 8563
1281 9067
9057 639
9926 4770
4926 7013
9122 3737
8798 9235
9930 5240
1177 432
1615 2880
1961 4540
7756 6351
1443 5350
7307 5218
6571 5515
6091 3778
7868 8178
5891 8507
7588 4254
3524 2909
2614 4671
1480 5733
4997 4285
6831 9109
6511 4255
7073 1425
6829 5784
1595 7199
6877 9306
274 9636
3435 8815
4443 1265
1836 4726
5994 9426
6672 2275
9040 3262
9277 9152
9561 4815
5338 7914
4757 1880
6743 1547
3769 1250
9446 1185
6441 2010
7164 8916
6562 5037
9910 1491
8246 7461
3939 3463
7850 9005
7565 1949
5045 1039
1090 2756
5224 1119
2544 6161
335 3188
4071 8360
3936 5496
1783 6694
3163 2765
5150 4596
2376 6595
9310 315
7084 9514
3013 5010
4185 7860
1773 9787
3004 6605
1287 1729
5277 4591
5251 6372
9880 8593
4146 5628
8650 9346
4077 9629
905 6116
6701 6528
4308 9570
7453 798
7605 7500
4132 524
1563 1379
5783 4892
4564 8362
850 131
4443 392
7516 9547
6581 5666
4804 2969
1910 6812
2538 4175
6883 9638
7332 9411
4508 6700
5557 4608
3885 4632
3751 5006
8944 7646
1617 2195
9935 6854
5844 7754
9517 1061
1956 4727
340 2506
8821 455
8218 1131
5768 304
5584 2667
3566 280
3655 5913
4177 2102
1507 6546
9987 4346
7066 9539
5424 9088
6812 324
976 6819
6799 8034
8769 6267
3362 8493
1026 4497
9674 539
3416 9795
2428 6642
581 4594
4613 3974
2097 2213
3053 6961
5646 2853
6028 4513
9712 9592
6468 3654
3900 3423
6151 6094
3365 3915
1236 6505
6489 331
1878 7505
1723 6359
8152 7286
5016 8563
2981 1424
4593 2528
3606 9156
1885 8252
3492 1644
2712 9689
1381 7705
6899 508
2121 5089
1558 9676
4974 4782
3061 9899
9795 6036
9405 5511
4137 8654
2472 6174
9783 9391
3581 6057
8284 7918
3081 8704
6058 2603
1524 2059
2218 5356
5180 5151
9918 7217
2651 8876
7104 1013
3803 7651
716 3069
8813 3220
9648 8065
5491 1830
6385 9436
5460 666
4206 4788
8857 4466
4486 5757
2604 7324
521 5412
1035 7410
8523 1780
2083 7913
9804 1267
3775 9368
5183 6773
4637 603
2312 7199
909 5182
1250 3886
4011 2381
5720 1432
5312 3627
414 8868
2173 9603
6312 4183
9502 6333
588 5390
6043 5684
960 3289
4550 3176
7926 2787
2545 1254
4862 3398
7332 1374
9085 3439
4446 7526
2501 1553
7981 4637
112 579
8411 6252
3134 858
4256 2054
5771 3578
812 8423
2848 1981
2285 5544
4991 9471
6145 9449
8732 5876
6997 1309
7323 6616
6953 683
743 890
4558 6371
5140 2898
2398 4616
2462 6879
5814 2850
7496 3858
8824 7249
2982 849
215 6721
7332 4344
9113 6625
933 5852
8397 5928
694 4892
4040 7416
658 8778
347 4905
5655 4093
3653 3618
9574 4862
8824 7480
1978 5432
2362 1514
1363 5355
2898 8738
9544 3020
8898 2132
9040 9779
8692 1517
5056 7812
3394 9161
366 281
8839 6591
9615 6315
5594 5654
8840 840
187 623
9394 9457
4451 1202
4855 1310
8341 8798
4774 6850
2710 1401
9078 4039
6382 2063
6614 6701
2606 9974
3224 4996
8336 4172
7996 8963
429 9968
4071 7768
1425 569
7747 2557
929 733
6379 7386
8745 168
9794 9714
1373 7664
6806 5962
1281 2393
7643 7479
8224 7639
4808 4169
1336 6832
7811 5057
5235 3792
1904 9152
1029 6112
5125 5236
2131 7902
4909 1637
1568 9136
7851 3900
6595 821
4148 8481
9239 8026
4783 3447
3604 8653
4658 1016
9579 5340
5255 6768
9632 7879
228 211
1652 717
1494 5032
6938 5410
6989 6755
4378 2992
166 7556
996 2074
7577 4465
3316 5354
3821 4999
8507 3998
8204 6296
7822 464
270 6962
8309 6553
3834 7300
9523 835
4583 1130
8935 2846
5870 1316
1022 3716
1824 4655
1242 2273
7583 3147
1047 8719
7266 6458
1618 9272
342 8075
5020 451
5197 6157
1730 837
607 7399
4288 4672
3633 3128
8025 5100
2002 4469
3108 2736
9337 2125
1601 6932
4173 2309
1661 4247
8599 1313
3644 9366
1892 6732
4406 3283
5999 1004
2203 7290
7072 5839
4892 2562
7803 9446
9458 7526
9847 1665
7646 3311
2335 7748
2916 7858
473 7182
6197 5833
5358 9821
5695 4702
454 1253
7205 5295
4272 9466
9671 9320
5747 432
5228 1228
3879 9850
5733 6692
8829 1215
4500 8131
444 2059
1485 7514
2492 2159
5218 9573
3032 1609
1377 6637
2886 8970
6913 9780
8897 4660
3786 4631
5251 4068
7199 2889
6976 3685
8207 8865
9993 422
6989 9475
1973 1513
835 7388
2699 8235
6318 9576
2323 3632
5190 3452
6194 1747
3766 5249
4796 817
8613 7380
9250 3580
4812 2050
8093 9350
1715 8395
1107 3045
7447 821
8497 1542
4812 6135
1734 5306
8945 694
2650 5116
4967 7444
1075 7038
9612 3504
5737 3050
7278 2019
7564 450
9384 285
2326 3891
9583 9142
9720 6041
2162 6977
4982 1243
6624 1505
9211 9676
2705 1860
2366 1526
2665 7896
2949 3635
7485 6253
1235 2410
9948 8315
9726 7538
7083 3148
6130 3589
3426 8589
8530 5498
7088 7746
3531 4411
1427 8424
1034 5514
8675 7778
6641 5448
3798 4913
1447 9131
7119 7674
7970 3514
1170 7144
2918 3211
8443 7027
4358 9068
3390 7987
1275 2080
3823 3760
5725 6431
441 893
215 3712
2600 412
7423 1036
2783 4708
3910 6198
1415 4272
9554 8561
6071 5380
2891 2659
8434 8740
7273 2913
6495 3475
4862 1671
1024 9374
7817 1484
276 8222
4870 3086
5539 7340
5427 9316
3939 289
8817 5761
4663 4298
8252 2996
2691 7625
8793 2365
9868 8449
3039 1027
987 1880
6338 5892
2323 5383
9738 2151
1202 7794
149 2138
3222 3829
3961 6860
6275 3692
7068 4977
1518 3830
7342 9463
799 6048
3017 9579
3233 7814
4983 8726
2485 279
2331 697
2801 5159
3299 3132
9209 4889
8670 878
8959 4619
1101 3985
9959 5203
2961 907
499 4344
6267 949
801 9501
2694 6567
6240 6703
2748 8697
2032 3227
4569 9784
6289 9121
5713 226
9458 589
574 571
1611 4883
722 8297
7976 8392
5841 3526
7032 8194
805 2677
2279 7034
8609 8029
1214 4298
2543 3489
9027 6978
932 8750
6835 4630
5561 5858
7523 6831
6613 2053
7590 4335
4169 2811
308 7429
2822 131
8052 1551
9557 4762
8443 6482
5427 2266
8789 7761
778 1330
7581 5127
8938 4587
5336 2608
2728 8510
206 9187
1332 4115
8020 4672
615 1231
8841 5431
8928 3097
3654 9868
875 3409
9607 1647
3538 7757
2144 5738
6495 6048
9728 9873
3082 2753
3533 3632
7264 2732
3933 4086
6543 6599
223 736
8013 6649
3461 7813
6918 3301
9260 9281
6007 1927
4800 3254
8317 2309
5697 6955
9663 6758
8018 263
4145 6951
4365 1156
9192 636
4589 635
9912 6536
4591 7950
8158 7753
6264 9874
8504 8620
7976 6065
3678 4019
795 2840
8757 1954
480 6409
9373 659
2423 6736
1822 1231
6296 4370
4478 1237
3161 9066
300 9865
8586 5072
4862 7881
4896 6342
5656 3397
8431 6284
9918 4948
1341 5729
9801 9425
6186 2486
7351 9027
1537 4727
4962 1909
1937 2666
8925 6049
6629 2677
5271 8303
6894 701
2729 9103
6841 5859
6371 9539
4315 3942
6608 6795
2160 2620
1594 3368
2788 3321
9350 4780
943 3764
5097 5733
5082 9080
4239 362
2705 4686
5748 5607
4161 210
9994 5339
4029 1219
6924 4430
673 8738
7836 3329
9572 3017
154 2453
4019 3155
6196 2821
5210 4017
3128 486
2741 7039
9350 2557
6950 6154
8543 8058
1352 6788
9306 3643
4147 5908
1634 1930
7908 2502
3688 6804
8006 9572
9972 2055
697 5945
9348 3282
2276 7086
4831 8726
5990 7670
2309 2021
3711 8087
5358 2032
7981 5054
8699 168
6588 4372
2605 2199
4443 9203
8531 8688
1765 476
8500 1200
3015 4576
8886 877
9001 8827
6757 1107
6817 522
4707 2067
1618 270
6476 2758
7013 3630
9145 9690
7523 6795
7995 5114
9375 1248
9441 6605
2334 9231
2344 747
6010 6453
7615 516
6442 8671
7626 9654
3779 8116
2253 1054
356 923
3300 8135
1091 392
7094 6724
3078 2375
8453 2234
503 6712
7109 9988
246 2436
3019 8965
1347 947
7571 8832
6971 7599
7167 9065
1690 2804
3345 7887
2316 7649
2266 6681
8297 9644
1692 4194
3169 5853
9859 4760
9284 5299
9422 2443
2597 7603
5813 4553
707 7759
2432 8382
9495 1789
8640 1703
5464 3631
9565 5356
1892 1320
3469 342
7747 1225
7889 5421
6069 2764
3661 3841
9291 7067
2443 922
1925 3040
3019 2692
2158 2924
2522 8856
4992 450
8399 4455
5491 3616
1282 1741
989 7278
8888 8593
5340 3197
5956 1909
8920 7499
8062 4335
9274 4178
8654 9660
2056 9498
3138 1396
6953 614
5348 5860
3588 9379
2642 4839
3505 6949
5939 7626
4312 2223
2944 6881
9449 7077
5464 4784
6010 4770
6216 7675
2584 5321
9402 5482
2853 3389
3653 1722
6812 440
7734 5130
4191 1545
1972 4512
1408 7778
1207 5502
4280 2505
8084 2556
4097 9984
5957 5597
7427 3824
8063 3760
379 2908
2956 3391
3777 5255
8625 4131
578 3619
3392 7521
9253 1928
2950 724
3436 9445
9820 3383
4072 194
5580 8070
9716 4850
3869 7043
5115 8763
8037 7384
3374 1052
8276 6894
6780 6420
3242 1633
3103 9599
9029 6524
3549 3542
1526 3181
3574 2971
7392 8737
2863 9807
6052 3740
9192 7884
2651 998
4650 7496
8902 8724
6342 3303
7868 1781
472 6425
8338 7541
4287 3687
4373 6264
5230 3757
9777 8143
7374 8768
8436 3711
7727 4270
494 6196
2586 1746
9675 3402
2494 4036
3900 5340
9585 2993
5265 728
209 5312
1046 1534
1089 3935
7809 5697
2947 2618
7889 2081
2508 4282
1491 4015
4725 8475
3787 184
1384 2254
1730 2620
8256 9052
9922 8974
5089 4436
8301 9454
8315 459
2542 766
6322 2186
8117 2020
9675 958
8911 117
9262 7844
4287 3265
2995 358
6649 359
5543 4366
7165 577
6649 6999
8343 8329
9382 1268
1021 5802
6018 4152
1156 6141
2626 6831
3764 9726
1756 5366
2160 2596
8934 201
488 863
5802 7294
5941 9326
730 188
6403 2383
6154 3923
690 317
7659 4442
2829 1449
7106 1464
8119 6705
8467 3059
1665 794
534 8548
5082 8159
3532 3993
8183 2384
3844 462
5746 2819
1420 3154
1830 2142
9287 1655
9753 5814
6447 784
5320 1361
3519 6518
1443 5938
1529 3836
4048 8045
7463 3211
2204 7913
6368 8921
7051 1712
5636 5596
1088 1536
6037 9632
7832 8899
3757 9965
2507 1263
7534 5584
6323 7135
4051 4267
7130 3201
750 6459
4049 5516
2569 6588
9474 534
2793 1920
5122 5229
6506 7460
1632 5088
7284 8671
1156 2418
4499 7849
7898 3832
8768 3723
8000 6813
4902 110
4457 2056
4218 3585
5889 8257
7869 2528
3707 1731
1339 5928
9408 6220
1485 8208
3185 7515
3253 7332
5645 1755
9907 7295
5163 2610
7938 6887
3493 4341
8327 3110
5879 2338
8295 6284
869 6146
7483 7672
4730 9084
5747 9068
5895 8191
4454 118
8628 8431
7480 6067
4919 8056
1990 4139
9789 6828
7246 2340
2382 8529
8616 677
7465 2565
9632 7138
5718 9857
2632 7222
106 5791
4453 5565
1327 4597
333 328
4445 5814
1184 4295
6427 8122
1760 6764
4752 4975
9650 4276
7408 9164
5027 7093
1075 3354
1238 2640
1764 9276
6533 496
9294 7284
8070 9139
552 6208
7630 2417
1728 5998
7126 3622
5177 3288
9231 6448
8044 2896
7997 4374
5962 8393
2035 8092
4145 1901
5406 6917
5184 2158
8827 3429
7131 7643
7835 4820
5397 9824
2610 6982
3863 4701
9191 6690
929 1729
3780 6036
3729 8036
6862 7135
1791 7249
5551 1920
4921 958
5845 3345
8029 5970
858 6006
6844 3038
7619 2774
347 8505
4305 4539
4117 4516
253 3813
5039 708
5539 8952
5153 2765
4037 6637
3465 5753
6705 544
2545 4981
9220 678
7749 5669
1725 3080
322 6162
4173 7120
4250 2563
3253 3471
7219 2324
1746 6434
8364 4420
4917 4414
5386 5250
1586 552
1467 9777
6748 5865
206 3450
7537 5364
7143 4342
223 1361
3373 403
1687 5545
9046 9184
4396 704
839 8240
847 2722
5552 7412
4752 9684
5402 3474
9489 1131
8516 2637
8478 7292
6078 9548
4287 4065
4384 7754
4218 5217
4253 2108
6477 8836
4715 2921
6069 8539
5258 1735
6776 1100
7308 6060
8173 9368
240 1202
2832 6128
7448 8774
3139 7311
7015 106
152 7336
9848 267
6329 1861
1031 1353
7796 6313
6857 6427
7504 3018
9592 8643
6287 8059
3432 3026
3609 3642
5125 7707
2152 2904
5063 8806
2160 6025
5617 8978
9646 8151
6330 7770
1663 6716
660 498
4395 9136
9918 7501
5601 8818
8377 8989
8196 7676
6870 5164
4566 511
858 4104
5117 619
8524 4466
7835 1480
3208 6003
9196 839
5603 1525
3890 613
9394 8300
9823 7445
692 1661
5089 8785
2586 2705
3649 3814
6963 6328
6034 1361
3191 3459
9802 4854
710 7350
9341 4460
9859 1274
6719 9138
9744 8750
5480 4872
9844 7685
1342 5350
5643 8458
6987 2020
4666 1957
724 3605
6321 5057
6777 9135
4402 3861
3253 4539
4692 6993
4880 1939
654 4695
8444 6872
639 7294
5143 450
8210 6524
4474 8447
2986 8823
3125 6384
3965 8702
6542 3309
7603 8429
4817 1790
1150 7239
6231 2069
9633 3027
1749 950
1427 2992
4155 3905
3524 6178
7256 8248
3452 6791
5954 9873
8670 3048
1117 8004
575 7993
1052 4504
671 1186
6029 5704
9240 5201
6741 6479
4948 5665
1711 9974
4436 8215
3097 678
4367 9294
9310 3798
3828 4976
4805 7854
9144 2644
596 5211
7213 1264
8606 6625
1998 4896
6108 2981
1058 5435
9734 5347
1523 5838
4953 6368
3447 367
6870 9491
827 9850
8449 5852
1635 946
6738 334
1855 300
1161 6567
5945 8658
8106 3305
7339 1315
9135 4614
5472 8886
8797 4377
2070 7307
717 5021
758 6678
8212 7668
6255 8711
1351 1278
5719 6087
6984 4687
8180 2986
7709 6302
7400 3321
7315 5943
3403 4665
4904 1877
520 173
7207 9654
1187 3899
4345 7342
3711 2351
9120 5972
9245 9216
5289 550
650 9531
993 588
8357 5586
7245 5346
100 7639
8056 4705
2112 3100
7402 8295
371 6546
448 2498
5668 8754
2639 2871
6677 2050
3983 5680
9013 8513
3013 5811
2051 5100
1634 6132
1536 1614
7336 4724
7883 8774
9655 8949
3206 9871
6958 2442
895 6539
7491 9680
6932 5773
8506 3240
2259 4309
7592 1556
9414 4949
3744 6972
5516 7231
4185 9006
4890 4364
5298 1547
398 1492
3262 302
1713 1348
926 1499
5752 4882
1277 7722
3470 2066
5266 3727
9525 5205
614 1627
6729 2119
9892 981
6205 7720
9619 7000
2616 6219
9880 6112
9589 6224
4281 244
7463 9705
2058 7415
165 8071
526 2105
1535 2670
296 7937
7673 8504
3612 4331
4550 8290
7754 2174
957 4937
6945 9300
838 2015
8605 1082
8746 8317
4581 4769
659 1995
6783 7054
3397 1082
7082 844
3891 4192
3502 2157
2560 7837
7685 3591
6342 9354
6122 6098
8469 3142
5629 365
2379 8694
5192 9132
5711 7734
6901 3461
6544 5899
3304 9272
8916 7171
5539 1565
6229 2096
3550 3447
5594 4105
7505 6853
4093 5881
5643 7219
2792 2356
2459 6196
3893 7350
5511 5688
861 5040
3979 5268
7023 601
3784 4270
7225 286
1566 1592
1661 990
4777 2213
5266 2340
3716 902
4277 145
4433 1365
9752 2554
793 1840
8357 1845
3323 2891
3921 7281
5480 5826
2142 5485
1911 8374
9142 2530
4200 9142
4213 8247
852 4112
379 417
4288 4553
7376 5956
7161 3889
111 2241
4427 5959
6987 1766
434 9762
7554 2501
6099 4093
5924 9679
8805 7890
8557 1000
5479 5484
4702 4189
6850 6002
5814 7848
7587 1311
7096 5289
405 2891
7545 3603
2393 7421
1161 5471
7415 1324
8561 6795
5392 2117
9540 4424
8934 5001
5918 9172
2573 8048
1484 1250
2882 5324
5735 5279
1837 7700
406 7261
2379 2917
3503 5296
8689 4058
9908 8101
2098 4031
9815 235
2388 3019
2509 7514
2197 8558
6097 8853
4143 2364
5844 2056
1547 7656
2815 4262
545 970
9345 5445
3616 4715
1015 4802
943 7680
7018 7533
6844 566
4280 5987
5270 2527
2915 6980
7249 7311
2892 9787
7961 5903
2785 4365
7942 1158
3886 4090
8638 4974
5008 2077
2829 6802
6370 4350
120 6569
1670 486
8584 4675
2216 3310
7015 2280
9757 3341
5152 5931
952 4371
7609 6721
5102 3789
9378 3234
9666 6133
149 270
3666 8720
6719 9743
8509 6647
8968 9780
7945 5028
2869 6355
6166 2785
7763 8337
7175 9999
5913 8433
5381 3588
4638 4525
6468 4097
5925 7202
3717 4465
3314 3028
5553 1519
4090 1673
6127 1834
3113 6089
9437 2154
3869 5366
6331 5813
6948 9357
5053 4051
4108 9496
518 5504
8905 1790
8265 2271
7267 1872
1005 3043
8202 5405
8704 9786
6925 9172
3136 6099
6077 5743
7743 4092
356 7126
7946 3021
3389 8722
8398 9077
5673 4268
6610 1299
7516 7280
4952 188
2089 7662
451 7790
3209 403
2903 5143
9174 8482
2838 5352
5754 4792
4319 5712
8322 8168
9490 9720
1484 1518
4235 7966
9125 9877
4759 9605
9685 325
2340 2250
9561 1560
2228 3053
212 278
3880 2294
6019 9780
2232 6382
640 4754
5686 9638
3515 3085
8689 2190
8897 2529
6831 3238
4031 3465
3248 1184
6013 6073
9138 8123
2320 1728
2080 9699
583 5211
9064 6836
6266 1596
7815 9486
659 218
615 6930
2104 5267
7910 9965
8507 6907
1381 8506
2455 3348
5489 1921
1194 3443
9571 1806
8563 5460
6394 5713
5123 8218
1950 3603
9143 656
5140 6536
1339 1639
3556 4691
6328 1796
2021 8607
1338 4683
7736 7037
8630 5756
8611 5901
9175 9770
7617 2657
2123 3944
6192 2525
4379 1217
5033 2577
939 6965
8767 6479
2226 7627
4745 2554
7709 5190
6935 7928
5488 6911
2760 6006
7381 5306
9154 7481
6647 6791
2837 6367
414 4376
221 6362
8195 622
4928 5308
6290 1086
8210 8471
1450 1182
8693 4246
5586 3663
1829 4032
1118 9082
9169 5650
7666 5680
1992 2247
9737 9415
8874 9645
1700 2780
9384 7292
5732 1153
1738 2591
8165 6033
3260 5793
2865 4353
3817 2258
1013 5462
9453 3605
9615 5925
1375 1217
9112 5144
480 4204
4112 4806
402 825
5094 1478
1399 1055
8504 1402
9842 7646
7861 3217
7841 8624
1151 538
757 3606
7376 1473
154 8084
9230 9330
2508 6141
9699 6521
4902 3098
7877 2744
5778 2631
6695 1597
9066 5791
9130 6420
4377 4541
8820 7586
457 1462
6517 2536
7042 5038
1836 1913
1830 7040
7803 5724
4242 710
1809 7100
5665 938
4346 3833
7493 8608
4264 1920
6329 7558
1987 4196
8532 3828
3254 6721
5617 8480
2638 6197
9958 815
4689 9262
906 9391
9545 6635
4030 2102
2309 4337
7485 128
5599 616
9929 228
4006 8112
8068 3700
7783 4051
1025 2020
995 7093
3144 3656
2006 1236
8594 7910
5638 2236
616 5773
7570 3914
7796 2473
2642 5587
8057 1352
4259 7834
8315 8838
6485 3962
5825 2426
7285 2145
3781 4769
8338 6045
8447 7814
5124 8917
1008 2292
5607 860
4537 6279
7670 6295
4344 2685
3047 263
3831 9111
5992 1600
2250 3463
2982 7137
2454 2497
945 6722
5845 9986
6693 8906
8782 7551
1427 1569
6250 7170
1837 2895
6068 2690
5592 3745
6096 1618
4975 7991
3184 6371
3920 7890
8092 7857
8131 1478
7565 2377
5421 253
2995 7129
4439 9626
9435 236
2981 6326
2695 6409
4779 8543
8244 183
6927 6253
282 6796
2837 4059
8865 6434
1292 4941
107 890
998 9436
7124 6405
4556 9722
3771 7186
7979 6425
4488 8442
8509 4918
5256 1921
3582 4350
1989 7234
3725 6448
6632 7814
7107 1519
3408 1103
7394 294
2342 3648
6796 9557
4410 3124
4396 5907
9618 775
7915 9772
5586 5602
3303 8135
3808 727
1995 1544
4654 3764
9510 7536
8185 9258
9966 7198
9225 9710
2622 6778
8133 2459
5022 3592
2798 4689
853 5873
6984 2242
4491 418
1994 8693
7138 7491
1383 6517
663 2798
5959 5468
1996 708
4124 1911
2336 1997
2306 7553
611 8779
143 5800
3846 2936
689 6860
1121 9944
9985 1460
7050 3657
5288 7183
3449 7610
536 7899
260 148
9359 7649
9786 8054
3094 9414
8489 9265
8495 9795
2369 7633
1675 8081
4957 8061
3064 1792
1697 944
7653 9428
1121 1647
1089 4230
6677 1090
446 1238
4568 8528
7350 9069
9863 8603
7863 3977
3748 5823
1521 7136
6594 1638
4662 5797
9819 2726
5048 254
3494 7141
3320 1464
3425 4270
4988 1951
8508 8219
1699 6341
5036 6122
4442 2702
7408 1597
2925 8218
5131 2983
773 3656
2868 7344
4749 8994
5375 3881
2033 7195
1368 9199
1408 2161
437 5162
623 1157
5549 9508
5017 7251
9044 3675
556 8703
8235 7454
1460 1044
3685 5242
4365 3175
2903 8566
9557 6712
783 7695
5629 4716
1771 3315
1837 2918
8722 1946
2548 8416
252 9221
2597 5596
3601 4857
1194 6704
3587 3054
2904 9856
7253 6888
1422 5510
2477 5317
9281 1855
9405 4361
7260 5752
6597 2300
3705 6714
7909 1095
4588 996
6851 3059
7199 9846
5503 3866
2467 1767
9159 9102
9353 3101
8187 2935
9348 4505
1773 2698
452 1138
1480 2204
7532 1600
2038 6952
4734 2980
3646 861
9364 5715
8808 9945
2828 2734
8329 7114
9285 8171
4360 7071
5185 9846
7484 5013
5610 7771
881 9132
6654 1832
9712 6948
7407 7116
9339 7133
8373 4075
7968 1553
9792 7036
3816 6533
6278 6212
515 5632
2616 5487
6810 2130
3283 8661
9997 341
8095 3963
3720 6960
8070 7118
3263 1642
3459 3248
7550 2732
9748 5786
2844 2339
6589 6064
1719 3020
955 8046
1141 8494
3754 8223
5905 4767
9886 7968
7994 8475
6742 1362
2990 7313
8509 9369
7857 2257
701 4509
4910 8257
2001 8155
1963 9917
4220 7914
5823 3162
2037 6216
9810 6813
1905 2835
6480 9740
9538 1923
6913 4213
9004 6120
8907 7276
6514 2956
6788 4746
6396 2826
1637 4546
8892 6513
4356 3855
2499 2804
6309 7926
3951 8760
770 4185
5955 2944
1519 3859
4676 3855
5581 1194
3359 4093
5678 7002
7633 752
9042 7534
2759 5855
4385 961
8969 2626
549 9243
9934 2540
7298 1002
1533 1845
2103 7569
8412 3410
311 8424
779 3494
4260 6296
8078 3847
3195 7029
1109 3061
3598 9922
3959 9198
6813 3079
9372 482
315 5138
7000 9661
1223 2008
9906 1685
9259 6159
7685 4995
4734 8895
3971 2337
1478 8380
7105 935
2957 2225
3647 3653
6477 3344
7953 3077
945 7482
710 6555
9727 5001
8793 2133
6330 1337
2872 9559
6530 2143
5827 5084
5573 562
2277 5615
6172 4218
8087 233
9466 4274
8549 2923
3887 9537
7545 2331
867 5985
413 3915
9477 1498
4992 1628
805 7403
212 2465
5804 7106
2670 6434
7213 5994
1741 5185
2356 5050
9219 2588
4598 7023
2125 6628
6985 8234
7067 3338
4743 7739
7237 9351
1044 884
6160 8664
3177 3296
6932 2822
3867 7133
5641 3094
1642 2173
9371 7036
3020 430
6231 2161
979 1810
1813 5399
5872 2919
9240 3522
9026 6697
8515 6666
2037 7200
1621 1104
2228 8815
8674 3274
1045 8501
5006 522
847 3717
6272 331
6029 5090
4124 5608
7031 8554
795 1574
4711 814
4836 478
6964 6199
4553 7957
4266 916
8236 7940
9504 3921
110 8306
9169 9434
5615 8359
993 1178
169 7593
6551 4479
8973 7289
4122 1514
1065 4502
6078 6434
7311 9763
9350 762
6684 5533
7835 916
1816 4663
3937 9719
4873 208
2631 6120
6672 4741
4235 8944
7783 9864
6308 7955
3410 6549
6546 2146
6550 8356
7668 1232
1182 7957
7696 6656
5008 7076
8744 6831
4747 6006
7632 822
1480 4198
7560 7349
152 5509
2780 9350
4548 1326
5843 7205
1721 8350
2203 3510
8795 5718
4153 4910
8375 9395
5623 696
9214 7539
3970 5237
8133 3274
1652 6271
9075 5917
6220 1166
364 2817
5451 4603
8916 1309
1029 4323
3646 5324
9908 8318
2681 3366
8249 1469
8081 8100
4316 8004
9334 6858
9743 2176
3907 9806
1364 1491
241 9685
6683 3084
9565 1589
378 2493
8943 2490
8009 8825
3457 6347
2113 7600
408 9260
7909 7192
2823 926
3423 5560
5588 5686
4216 1666
2733 3564
2842 3022
3259 8579
5008 4709
2703 5004
7407 8538
6084 5554
4172 4712
8361 5488
7995 1294
1863 7077
4628 9225
9858 3058
3011 2709
3583 4117
6498 6278
5044 6291
3558 107
7774 2496
5439 5224
1152 7366
6564 2733
4152 1189
7188 9812
1631 8553
7641 2185
2093 7821
6020 1371
6816 577
2708 1486
6662 1234
2111 392
8843 3640
1072 560
3270 7979
4745 1986
6618 9177
590 2810
5444 3237
3807 1995
9124 2920
1273 5967
577 1224
4655 2791
7674 7055
8741 6984
8699 388
3810 8736
9477 4052
3474 8055
5597 7384
6161 8406
5755 8403
2576 9952
1472 6085
6280 9231
8197 5685
2059 8375
6568 7433
4035 2517
4552 3021
4832 382
363 2515
8702 4213
4728 6008
3566 5829
3574 6369
441 7931
5824 4285
4652 7117
457 7973
3944 1588
5791 7670
1527 3766
3697 2148
4918 9002
7463 6355
3949 8873
8540 5009
5027 2615
7032 4827
9590 3757
356 6082
8540 6864
