2
16
20
44
3
18
2
1
3
14
20
47
4
16
84
22
10
2
3
34
8
7
15
84
3
5
10
13
41
18
37
25
41
3
42
2
1
16
23
12
2
19
1
70
2
64
32
2
1
10
3
1
15
11
84
22
1
22
16
61
2
14
3
15
39
77
1
1
37
53
16
61
8
23
14
44
6
21
58
5
16
7
12
4
6
29
2
4
3
2
2
7
1
37
7
18
7
8
2
2
58
22
4
2
64
5
16
61
73
2
4
5
39
4
4
27
1
73
3
1
47
29
47
20
37
3
58
20
4
80
7
80
11
29
8
70
2
6
6
1
2
3
5
2
51
29
17
29
9
25
16
9
3
2
4
2
49
20
5
27
8
77
18
92
28
5
44
1
47
6
18
19
12
2
67
17
6
31
41
1
14
2
2
15
5
80
26
8
7
4
2
8
1
21
16
2
16
5
6
11
67
13
61
2
1
84
67
2
2
25
34
2
49
4
2
4
35
1
18
35
17
6
18
12
4
2
17
58
13
28
1
1
5
4
2
1
3
1
10
6
1
17
4
29
11
88
16
27
11
4
7
13
31
16
64
12
73
5
44
64
5
1
12
8
22
32
29
14
2
2
1
28
12
3
31
1
2
61
1
4
14
64
5
3
4
8
3
34
6
16
2
67
3
16
1
96
1
51
1
34
3
1
12
7
4
23
1
11
51
61
8
1
5
11
5
8
22
4
2
3
9
84
2
14
1
2
10
70
2
31
73
3
47
3
1
11
5
80
88
19
8
32
64
9
2
1
15
26
3
16
4
35
31
47
4
4
51
88
5
2
2
2
5
2
80
3
3
1
8
42
2
28
4
9
37
28
1
25
7
1
12
39
21
15
8
2
10
1
88
39
21
6
16
44
8
5
8
39
11
73
47
10
3
8
11
16
9
3
1
13
3
2
14
5
17
6
8
29
23
39
28
3
2
20
2
26
2
10
1
8
4
3
2
9
2
1
12
3
1
47
26
3
80
7
14
10
42
3
3
1
64
25
2
29
3
20
6
16
4
42
9
84
3
16
3
77
92
2
2
14
53
3
21
49
2
10
3
23
2
20
58
56
4
84
12
16
2
8
3
11
19
70
70
3
5
29
96
5
2
18
11
29
1
19
3
23
1
4
19
27
7
27
11
19
70
16
25
3
1
20
39
12
42
21
77
73
4
7
9
5
10
56
11
8
2
2
44
20
35
51
14
56
39
12
2
70
7
4
5
35
1
29
4
10
47
88
67
6
25
3
7
17
41
4
3
11
3
1
10
35
35
1
10
3
1
70
31
3
12
1
11
96
2
25
5
32
14
1
18
2
3
8
80
10
8
84
1
11
5
16
29
5
37
13
1
96
3
2
8
64
3
20
49
22
31
7
12
2
80
9
84
2
8
5
12
5
2
92
29
2
49
3
77
80
4
2
3
11
25
5
11
8
15
27
77
16
15
4
34
1
8
84
14
51
19
13
64
8
1
21
64
3
6
4
1
96
26
61
6
14
3
1
7
19
80
11
15
28
7
73
32
41
3
25
22
56
21
2
5
29
4
35
10
1
7
3
1
3
20
77
61
25
61
3
49
7
13
73
64
2
84
2
1
2
64
2
1
25
20
2
5
17
14
20
4
7
10
6
3
26
9
5
1
8
1
1
67
1
49
3
5
28
2
3
34
2
29
7
2
5
3
5
18
9
17
4
2
3
61
7
67
2
27
3
20
20
2
14
1
49
2
1
49
6
53
16
8
5
61
3
23
2
3
58
9
2
25
16
49
32
77
21
2
7
5
2
1
92
14
2
88
2
5
4
2
3
11
3
16
1
49
34
5
23
29
42
64
47
27
12
77
10
29
4
61
11
58
8
1
26
16
8
37
35
3
11
29
88
31
4
15
8
1
47
64
2
4
8
22
11
3
2
3
1
2
9
7
1
6
18
5
2
2
61
7
6
88
15
8
3
2
70
2
8
77
9
10
64
6
27
3
8
32
12
8
7
2
31
16
34
2
21
16
2
84
10
3
2
7
10
3
29
92
9
8
4
2
47
2
23
84
11
23
21
7
56
5
20
8
1
3
3
92
25
2
7
5
80
9
8
3
7
9
56
10
9
9
4
2
2
4
5
21
67
39
15
88
70
25
2
2
17
21
7
4
88
32
4
5
1
92
2
5
20
9
14
1
42
2
84
7
1
13
4
25
53
14
1
61
11
8
7
3
6
4
16
29
1
14
12
26
2
67
2
2
2
92
1
8
3
13
2
35
29
21
2
1
5
27
7
7
25
6
51
14
15
58
92
6
51
47
80
3
18
3
3
2
9
2
11
58
13
16
21
80
4
19
11
28
2
12
6
5
2
2
1
35
1
10
14
4
1
20
16
7
16
70
2
9
7
92
15
3
3
12
51
2
29
61
4
77
5
3
3
4
8
16
2
10
3
9
1
88
14
3
58
64
1
3
5
5
10
1
4
2
84
2
2
16
3
73
1
2
3
18
70
31
7
4
77
1
49
19
3
73
64
17
20
77
20
80
1
9
12
80
8
4
80
1
5
4
7
9
3
4
8
67
35
77
5
2
9
28
4
5
10
51
42
5
3
5
11
3
80
4
53
14
18
3
2
16
37
5
73
20
15
5
6
73
10
96
49
25
18
11
9
5
2
3
8
16
10
15
39
1
37
3
11
73
8
56
4
12
37
27
5
2
37
22
32
2
8
58
53
3
10
44
16
8
51
11
7
8
37
14
2
3
14
73
51
6
49
9
10
18
26
4
67
64
2
5
13
9
8
5
2
17
27
12
10
84
16
1
2
67
9
51
31
3
16
2
14
51
44
5
4
96
6
3
13
3
67
25
4
11
84
70
96
9
7
10
9
1
7
58
41
35
6
15
2
51
14
25
4
1
34
25
20
1
1
2
3
9
92
4
1
61
39
14
77
12
51
4
39
2
21
12
7
77
13
11
17
41
2
25
18
3
6
4
31
3
3
70
7
3
