3438
8752
-3790
-9911
6446
7142
-8664
-8992
1959
-5271
870
7344
-8200
1008
4672
-1614
3083
-9058
-5323
-9763
1078
1773
7114
2096
-2812
9123
3362
2704
3809
2675
4698
-7814
-1864
8823
-4411
-3158
-2751
7519
-7659
-8379
-1280
-3552
-4796
-9391
-8646
-2890
-6771
1263
-5120
-5228
-3393
4488
3970
8193
-4966
-8336
-8363
3238
2025
-1092
-6221
-2245
-3678
8407
-845
-1317
-793
-7899
-4581
-2171
-8864
4688
7724
-6945
640
-5370
-3432
6504
741
-9923
-5693
-7901
-2176
-963
-3932
-9790
-2660
-934
3788
-6076
-4796
3134
-4506
2556
6966
-9035
-9875
-4079
578
1794
7026
-8872
-4157
6174
-6365
1043
5887
914
-2447
-9596
4220
-5743
-7504
1947
-5399
-8321
9055
6409
2339
-1055
-8657
-9859
-2564
-8506
-7376
9123
-806
-4832
-4787
-325
-5496
-9353
-4074
8070
-7825
-6821
5379
773
-4598
4148
-6553
5549
-8487
3384
-1172
-9053
638
2670
-2045
5286
-8967
-7160
2705
-8368
451
6885
2815
-5651
3549
5633
-8151
719
-4299
7002
5024
3572
7454
-6450
-228
-8578
-4577
-1718
1006
7314
-4502
-5083
7751
3176
1789
-8323
5611
5647
6336
-949
-1359
-8337
-2935
-5707
-2381
-5587
-513
1030
6347
-1107
2299
1852
-152
-6366
7484
4379
-7384
-2913
-7102
-3467
-138
1875
958
4514
5258
-4467
8257
8763
1683
1872
-9979
-4675
3506
5773
-1640
3360
-3493
3161
5054
-4642
1059
3517
1058
-7887
-4985
2770
4193
4116
4816
6534
8185
-1476
2749
-197
8312
5890
-171
1674
-1841
-7915
-4720
-153
8470
-5525
-1129
-3027
7469
3198
4398
-5877
-2128
-1421
1157
9123
4598
5469
-9184
-1156
-501
-7512
464
9123
-6053
4273
2811
621
1700
-6297
6585
1594
-6469
3956
-4999
2968
-9922
-8789
4170
-3417
2365
7165
4424
-9006
8842
692
-1339
-395
6490
5209
4328
-7158
5073
-9016
-7825
-4330
745
-8861
-4100
-5803
787
7374
4397
3766
5737
-7196
-9409
3040
-6423
7312
6585
3387
-8701
3356
5602
1458
-2813
-530
-5579
2378
-4388
-6795
3254
5615
-1502
3742
5644
-7453
1781
8455
-7777
8063
4434
-27
4919
4115
-7232
-9342
-5619
6038
100
4745
-3972
8302
7748
-9059
-8457
-8284
-5495
-160
7606
-8725
5841
2646
7709
-2418
-5880
7905
-4733
-8006
-3717
7168
-8741
-5755
5088
7646
8076
449
7561
-8513
-1310
-3471
-4911
-2493
-7723
-9
6301
4075
6991
-2444
2199
3927
7165
-8060
-9152
-9052
-7779
-8213
1388
-2663
-6
-6014
4514
-7614
-246
2056
3485
-8218
-6787
-9898
-8012
217
-6721
-6982
-8850
1077
5310
-1666
368
-2283
404
-831
-9086
6834
-1081
1480
-9997
8442
-6603
4140
5424
6288
8185
223
617
-5296
1138
-7298
6876
-655
5629
4519
861
6889
-4433
-8019
647
4147
-9210
-1105
-5239
3011
542
-6330
6056
-9175
-6928
6804
2591
7398
2052
4167
7509
-1803
-6199
-5176
1155
2179
1525
5570
9062
2607
581
-8977
1212
5009
7431
-6851
1267
-3063
-9168
-5020
7652
3625
-622
-7588
-4254
4515
3290
-209
-8369
3458
-766
8602
6417
-8538
6133
-7336
3087
-9257
-51
7591
-7379
-5656
-1043
1277
-7571
-481
1581
-8953
-7482
9046
-4464
-4347
6565
-2929
5639
-6117
7942
-8612
8202
5764
8012
-8267
3938
-4396
-6627
1103
-6270
-250
7999
4767
-815
523
6112
-7635
-7642
3307
-5332
7224
9106
5350
-7067
2243
-2727
-8291
-2079
-6419
-7963
-655
-5053
2250
-6155
1698
-8335
3309
8702
-9112
-470
-6648
-2096
450
-4211
-8169
-7829
-3126
-139
4137
-1335
4199
-5287
-7669
8339
-9283
-8595
-7149
2830
-4231
3584
2228
6806
8915
-934
3509
-5197
-4251
921
6611
-1142
-7197
-7214
-8530
-6224
-8685
-681
-1344
-439
-8898
72
-9602
971
2908
4040
-3039
-5369
-7385
3034
-6872
292
7938
-9522
2933
-3573
6425
-4331
-1887
-8616
1403
6152
5546
5077
2374
-4722
-4139
1413
-6757
7678
7024
521
1873
2413
1728
4821
3186
-8743
-6102
-5125
-7895
-1123
-7813
1839
-2207
-3682
44
-7675
-1023
4166
-3525
4769
-8794
-2729
7281
-5927
3649
-5556
7721
-2371
-1822
4671
-8612
-5940
5134
1730
7543
-4476
-2127
7236
2365
5168
-8229
-6763
8403
-7474
3964
-6293
-2716
-3945
4358
-6464
-7564
-1800
1203
-7746
-686
-5398
4256
-2345
-8829
-1259
-7341
5392
5820
-3443
-2512
7251
5828
5186
-2102
-5481
3575
865
-8200
430
2997
7092
-2009
4755
-768
-58
6283
1665
2394
-5358
2235
2312
1981
2879
-7585
2940
392
-9782
6064
-6376
2509
-4497
-3459
1846
4162
5837
-2998
1222
7280
-161
-915
694
-3601
-9228
-1620
1346
5734
8625
7546
352
1581
117
-7003
1178
3445
4300
-4731
-7051
2770
4082
3251
3356
3924
7300
7045
-2506
551
5269
-9407
2518
-7060
-4939
3509
-7445
4680
-8460
-4088
1208
-5501
193
6330
890
-8204
-4288
1166
-7608
-7495
4486
7524
8985
567
-5947
7575
-6802
5711
4852
5894
-1778
-7149
-9114
-9206
-9536
8031
-4973
-2589
-3481
5732
-9559
5621
1904
-1613
3185
7574
-7423
6875
-7640
1560
-1788
-3866
4653
-5012
5188
6868
-9269
-8049
8011
-3390
310
-4032
8952
-5230
6813
-1643
-6388
-601
5865
1983
5892
7424
-5354
-4216
-7937
7989
-4381
598
6506
-4397
4998
-4553
3350
-6709
-2318
-7912
-2679
5021
-5271
-7280
7300
-6924
-1476
9033
-4579
3597
5793
-2866
698
-5172
3961
2302
-8990
-499
4791
-89
-8513
-1131
-7076
6323
1249
-743
-5432
2408
736
-5138
1741
5660
6211
4724
-8965
-2286
-5331
3145
3806
2816
-1100
-5263
-9638
-2410
-7805
7609
9023
1678
765
-7305
-5563
-6152
-2377
6894
-9400
7576
2097
-2470
594
-1957
7631
5239
-1704
-9442
-8145
-9868
46
5097
-6208
-3754
-2367
-3012
4819
-8025
-8989
5874
-1494
4458
4127
2763
-643
2014
-8358
-1960
-9575
-2108
-1963
8440
4123
-7418
4741
6262
-7450
-4238
4309
2784
5565
8927
-4266
-7937
-2438
-6074
-2115
-5481
4186
6572
-1847
-4352
5883
-6150
-931
6762
2526
6955
7810
-4384
3596
-9745
-9867
3087
1219
730
-9027
-8790
628
494
-5562
-944
-3210
-2649
-9691
-1297
-1276
2064
-4799
-4569
-5871
6247
2977
-7023
8863
-7612
-7443
273
2636
7103
-6265
-5281
-2924
-1308
8311
5309
8794
1771
-33
5956
-7048
-3325
3014
-6308
2134
8220
7982
-1468
-6459
-9634
-1962
-9538
1753
2378
-8513
6473
-3599
6279
3347
-1170
-1828
-176
-2303
2649
-3242
8842
-8020
7221
-1837
-5877
-967
6076
-7904
-1631
-7522
6577
-6768
-715
-34
-9358
-6470
3149
-3269
2270
-936
-6728
2089
3821
-2795
-8162
-1093
-7486
7547
-8863
-2217
2252
8102
-9635
6057
2415
6240
-9240
-9632
8541
456
1085
7490
-6616
-101
-5967
3240
6240
-3688
2705
-4701
4147
-6908
4550
-6415
-6515
-3247
-2718
16
-3675
4340
-3482
7653
-9041
-9415
-650
7599
-7133
2352
6675
-6474
-7230
2780
-2686
-8187
7102
-5094
-1295
-6079
-6829
-2279
1791
5325
-5159
4961
2759
-841
-6449
5904
2571
-4338
-1043
-132
3167
-5799
-6062
2555
6530
-7202
-9451
-4443
373
-6112
-1239
-822
-7471
-8633
4902
2736
-4394
7703
7172
-6639
-3156
7727
-7452
316
2811
-4878
-3050
-9810
4047
-3913
8904
1012
3693
2025
8736
-6888
6999
-5454
-2501
-4094
-6628
6738
6472
-2097
-3436
4787
2431
1392
3381
-61
297
3992
-2386
-4404
-6976
4564
-8348
2745
8868
1408
4972
-9642
633
-5715
-5893
6872
4608
-372
-8246
1789
4860
-8940
203
1265
9112
-771
-8746
3769
-6248
7148
1815
4681
-4068
-5892
4913
-5089
-6602
-1903
-999
-5828
-8541
-5746
-5198
5215
57
-6987
-3896
2186
-6205
-1184
-9822
-7197
-363
-8408
4202
-764
-6211
5472
-4393
2918
3309
-2993
-1007
-8281
8717
-9709
3549
-3475
-1505
8320
3473
-3489
-9374
6706
329
606
5381
4111
-8793
6099
-6875
-1808
-27
4059
6969
-989
-4957
-5660
-970
-4324
-8878
-2951
-7510
5207
-13
3576
4385
-6918
5621
-234
-1413
8703
-6310
-5401
4466
2791
-7824
2055
386
-6404
2978
-1199
4264
-1369
-208
-4883
6157
4057
-6126
-295
4371
-791
6619
-7181
7197
-3576
-5980
-5457
-3281
5877
5345
2299
7613
565
-2488
-6454
-5499
-4626
8717
-5823
-3165
2112
3078
-4566
1821
1444
1908
2982
-4586
-5131
6542
-9673
8331
-4084
4519
8502
-7916
-9129
-3475
-1958
-1229
6757
-4664
3632
-2626
-9321
311
-6301
-8881
-3754
-9384
783
4463
8821
-7130
-7742
5254
1185
121
-4247
3639
161
8252
-8151
8459
5017
3091
1697
5169
-1867
-8538
-6371
7973
675
4530
-798
-3225
8570
7183
1142
-8868
-1791
1863
8292
-5747
-4241
-5012
8634
-6954
2260
-6752
23
-126
-9228
3526
7733
7628
-6513
4296
1481
-3289
7738
-2347
2109
-5217
6110
1933
-6212
-5709
2791
4607
5807
3125
8102
-5380
-4570
7422
9084
6719
2699
29
3581
-1349
-7091
-5115
563
2879
7201
6272
5920
698
-6712
-5726
-4299
-5570
-7482
-9445
8877
3508
-2733
2949
-8800
4343
-622
6777
-3436
6021
896
5275
-1904
-9689
7667
-4109
-8404
-8548
2254
-914
-5256
-2776
3344
-6769
3856
-3361
-2506
-7907
1319
1533
-2576
3671
-7899
-5126
7669
-4424
-548
8874
-1172
8361
8397
-4744
7444
3666
-8017
-8075
-1824
5609
2154
6520
-7323
-5751
1299
2556
4934
1652
-9836
-5964
8217
3684
-3152
-2715
-4543
4155
-1403
6348
3174
-6779
-8234
2091
5563
-8154
1747
3017
-187
8612
-1097
8802
-8752
1931
7587
1009
-938
3922
-1144
-6826
-7629
-1331
-936
-3984
-4589
-4584
-9343
4268
1512
1111
8922
-6711
-4932
-5242
-2125
-5046
3843
-9937
-9043
-9170
1625
7406
-7258
5446
-7251
-9515
-7213
-3715
5221
4963
7346
659
-4701
-4578
3976
-5495
3281
4874
-3321
146
-8811
6603
-8496
7825
8814
-4386
3733
5613
-5944
2632
6290
-1001
2964
-1975
673
-5911
-4074
2742
-6734
-5074
-7372
3495
8170
5672
2889
-1738
7114
8770
-94
-6630
796
8093
2507
-65
8765
4146
5901
-5959
5755
6258
-4124
-3702
-7771
-7412
7797
-1653
6819
6398
3873
-113
7702
-9461
1607
-8247
-2482
-3183
7556
-5045
-5064
552
-2376
4086
-4293
-9314
-8164
7321
5615
-6971
-1617
5650
-2689
-8115
6110
-3868
8173
5454
1266
5581
6999
-5459
566
-9285
-5103
-9981
-5209
256
-3515
754
-7583
1948
5713
946
8228
-4797
-1366
913
-9409
-8457
-9248
-9524
1856
3790
-1986
7346
-7424
5817
-6447
-4526
-7297
1187
4675
-8025
-2920
-9605
9109
-3092
-812
-4312
5018
703
835
-5140
-9389
5559
9061
5489
-7220
907
6622
-2741
4862
-277
4828
6523
1808
5900
1825
-3325
6567
-1902
-3297
-8990
-1949
353
6396
3738
-6135
7833
-4782
-8275
-8275
4027
-4352
-827
-1235
-3004
3178
1579
7409
-3789
3036
1770
-2024
4567
5449
-5048
-3730
-319
-2290
-6792
4207
-7487
-1755
-3080
-6001
-176
5933
-618
8286
-4678
1623
-5930
-4312
4896
-4466
-9165
-5926
-4345
-2242
-5188
-7278
-9754
-1611
355
4185
4057
2157
2607
4028
1444
-2533
3308
123
-7991
-3358
8335
-4218
7851
-4827
8064
186
-6205
2416
2086
3711
-1035
-3919
2204
-967
4613
-9123
-9385
-8077
-7103
-9514
3961
3247
7013
1859
-934
6790
-6674
4478
-3158
6979
7438
3071
-6321
-1746
-3677
4177
-4654
-9519
-1183
3749
8050
-3047
5427
5768
-4781
-2024
9077
-6426
8538
566
-3148
1385
-2775
-8477
1805
-4913
-2108
-4008
5231
-8726
-3140
-1560
-4426
4231
5397
5018
-7599
-6050
-7291
-9565
4654
-9867
2229
-1729
-8441
-2993
6944
-8755
-3360
-8911
6836
8875
5063
5399
126
-3948
-4154
-7845
5573
-8765
-3716
8478
-5627
-2457
-3111
-390
-8622
-8805
-9630
-675
-4426
5127
-9136
8103
5035
-3282
8279
8077
9088
-5203
-2733
-3353
8476
4142
-6439
-2892
2501
-701
-5896
-656
-828
-9755
-2499
-8526
3274
5300
4883
-5314
-8618
1072
-4372
5748
-9126
6439
4638
-8291
8011
6084
-9637
-6593
-3103
-3108
-7809
775
3091
8761
-9998
-645
-6018
8904
6232
1203
6214
150
-9848
-4672
-2374
8513
-5172
8859
958
3593
6695
-1985
8292
643
-4227
-7963
8627
-8149
-1779
5541
-1065
-9303
-7553
-7721
7178
5849
-2494
3637
5298
-4472
-9297
-8399
3964
3549
8657
-152
6286
-691
3206
8621
1255
-9372
1572
2427
-679
3299
1607
-7552
2987
7089
-148
-7870
683
-9309
-7732
5517
-2298
6997
-2726
901
1007
315
-6439
-4570
2889
5093
3175
-5257
1109
5048
-5125
-683
-2232
-1277
-5715
-1693
-1752
-857
2082
-6122
-5759
-4943
-9351
7333
4799
7697
41
3272
1281
-6861
-7855
8412
-7965
-7695
-2386
-9061
6190
-3858
8661
3351
-9876
-3136
463
7062
2214
-9466
3485
-8040
5529
3084
-2731
7682
-5086
-6605
-3341
-4051
-335
-4648
-246
4316
-4949
9027
2586
-2031
2903
-4414
-2719
-4537
-8891
-6654
1240
-7895
-394
7855
-6246
6501
3718
-7290
-4881
4265
-5789
-1919
6866
7320
4994
-6414
3498
7764
4770
-8336
398
838
5511
-5655
-1701
-9779
3402
-7507
-5841
-3373
2376
-1978
-9150
2183
-8157
-4837
-1924
-3817
8765
-719
1354
-3046
-9768
4613
104
6093
-7840
4389
2099
-684
1212
-1359
-184
8568
2071
-9599
-4282
-4739
-445
-6468
-6901
1224
7675
7615
-8112
5313
-2770
-5318
5476
-170
4634
-2686
8123
-4512
-567
-6556
605
-9103
3364
1329
7184
8136
-482
3967
4539
-6265
7329
-8594
-9888
-8558
8569
-7185
5751
5232
-3819
-9870
-1597
-8259
2725
3915
-1137
6601
8036
-7732
3806
-6103
-358
-5673
-866
-1373
-1081
-5180
1020
7350
-4529
-5913
-8295
-6293
-6925
7276
7107
-4176
-5430
4034
385
1818
687
-7110
8431
-697
4164
-1136
-2704
8572
-7534
-9417
-9901
-2750
-9839
642
3216
3001
1396
608
1646
3748
918
7524
-240
-7906
7548
-5305
7789
4572
5931
-6962
2031
-5998
1006
-8013
2333
-3249
-4980
8954
3586
-9945
6648
1571
4883
-5112
-6013
3579
-6454
1557
-5940
-5895
3551
3085
-7612
5761
-9101
2286
2254
6336
879
-531
198
1847
-7360
8551
-2324
5221
5367
7297
7432
-3535
-2020
1565
6146
1590
6224
8470
-7359
-5129
7230
-6032
-8852
-3768
512
1826
-1390
8069
-8387
4369
-8913
-9953
3621
-2192
-1925
-5884
-1019
-5200
-1070
5456
6336
-2110
7336
-4628
3248
6719
5248
-8014
6063
-78
8661
-8448
-355
-2618
8230
-3090
-1680
-6035
-8665
-62
-60
-1270
3607
-9002
6210
7385
1967
-9828
-6510
2029
-7391
1423
-460
-3692
-2341
-661
-4244
4900
2108
2917
5701
-3376
-7994
815
4832
8658
-475
-3762
-1298
-8836
4920
-4985
-6536
8115
-4485
-2395
3407
6338
-1715
4986
-5249
5076
7619
-5967
-2688
-2763
1136
-6664
8847
-1110
-8846
2544
980
-2458
3361
-6684
-3276
-7209
-4711
6676
-2141
-4272
594
-7674
6233
6717
-2041
548
-9207
-9946
9123
-1458
-3386
6245
-1835
-9376
-1871
7097
-6497
-2406
-2479
-3811
-3485
8935
-9991
-7624
3158
5046
-5246
-7801
-9119
615
1048
733
-2873
8146
-5519
5292
-3077
-281
8402
-9412
-7458
8793
2958
1736
-4071
3859
8500
2737
4310
-1249
8412
6819
-846
-8330
8336
782
-7683
3857
-6442
2036
-4206
7718
8297
-5560
6617
5005
-882
-857
5267
1960
173
2907
-1684
-3067
-6354
-3154
-4023
-2604
5570
8423
5670
1141
-2988
1253
1327
3352
-8422
-4543
8933
2822
2975
2190
-3840
-3634
3918
-6052
-9504
-1483
4242
48
-5259
-643
6593
-7650
7702
-4496
-1497
-7779
7147
1490
-5195
4044
7410
-5741
5489
3777
706
-2957
2237
-6735
3426
-6340
-667
-7556
8109
7106
-3253
-8051
2139
8822
-3650
6583
2278
-4478
3681
-3687
3671
-5338
2675
-4178
-5151
8481
-2567
-2557
-1983
8055
3904
-8100
0
-9860
2365
2576
5404
977
5746
-8920
-9977
4149
-6636
-9405
7880
-3447
-794
7449
-4861
-2654
-8235
1888
-299
-824
-9894
-3957
3492
-3586
7539
4068
5351
-8111
3551
-9947
-6798
-5153
1073
1998
-3544
2898
-8822
-8700
-1101
2601
-3711
8645
-8703
2079
-2935
7419
-726
-892
-7696
-9330
6289
-7985
1322
-9176
-9966
-3678
8208
-1011
2561
-8323
-5147
7258
-9402
-6689
6517
3033
4604
6332
992
1365
-3833
-9536
-7012
6224
-7114
-9416
-5254
-8588
8473
-9880
-5207
-3758
8709
2880
-7113
-8813
2648
249
1963
-9866
3813
1313
-2137
-2778
-2253
-1846
8046
7110
4686
3155
-7185
2066
7240
62
3627
5825
8150
4222
7061
8573
-8425
6796
-360
2441
6007
7735
7673
-3158
-9577
5330
-9615
-5646
-5632
858
6676
3978
1725
4890
-1524
3855
-8338
-3240
-4150
-4683
6428
1851
-1874
-1354
8376
-3814
-7840
7549
2312
2514
7682
6141
-8328
4545
338
-864
-395
1204
6686
8479
2770
7584
-2302
-3619
2510
8773
-5901
-6741
-4254
-6795
6911
3939
945
-5677
5136
-5844
-392
-973
-2411
3360
3169
-8040
1166
978
2299
-9466
2305
6303
-5448
8463
-5750
-419
-803
-3506
9123
7967
-5847
-8256
5259
8727
-7913
8024
1802
-894
4726
-6257
-4805
6473
8532
-3818
8652
-9423
-6385
-6674
-4691
810
-3582
5843
3206
1975
-3533
-3080
7831
-3593
8078
-2671
-5258
-5550
1775
6293
-9997
-2136
2891
-2014
1273
4269
-719
-7940
5375
-1444
4463
4956
6894
7493
8935
-6328
-4034
-4130
-8815
-9139
1549
-2567
-2338
-6717
2259
4290
-9808
-4605
151
-2604
8124
-9256
-5303
-7761
-3821
787
-3190
4752
1176
164
-8471
-5643
-9532
-5351
6636
635
-850
-9662
-3405
4406
-8637
7995
-6735
914
-5257
1693
-9798
-392
4851
6106
4076
-6115
1032
-2022
-445
3718
258
4654
1314
-1853
5986
337
3818
144
8455
-2809
-3035
-6988
-4230
-8377
-4860
8978
7923
4869
-3967
-9871
6603
2906
6619
3609
585
6326
9025
4194
5211
6767
2449
1613
4218
-7082
-9624
3619
-1853
7572
7543
149
-5823
2245
1582
6676
-5272
6313
-6163
3227
966
4221
-4915
5287
-8055
-574
6239
6476
7158
6829
6685
8784
436
8747
4056
-8312
3866
4476
-2082
-7148
-8753
645
831
-9649
6449
5007
5076
-5643
-8677
9067
-1120
3396
2488
-4203
-6772
-9010
1682
6285
-333
-5209
-4197
-6976
5584
441
-9114
7883
8837
-5447
7312
-106
-7191
-624
-1605
-9016
1980
-9680
-6610
-5267
7962
-3938
3473
1881
5152
7215
-2052
-6711
-3705
-5362
5519
3066
-871
6704
-5192
-6874
6172
7347
4184
-9611
8589
7689
5294
522
-3831
553
6258
8628
-5000
1503
2941
-7093
6723
-3052
7447
-6395
442
3046
-3005
7493
-7507
6720
1587
4198
-1843
-5755
-9235
-4772
-5433
-4732
-6064
3756
-4740
-7000
-4732
-9728
-108
-7050
-4289
-5401
-9044
-1557
7413
3915
821
2612
5466
-7820
8381
-8797
1808
-6874
351
5814
7020
-8132
-3898
-8905
-7635
-8077
-213
1029
4061
8856
-2433
8308
6770
3723
-8320
7175
2836
-2509
-2666
-7604
6536
3173
8431
6795
-6624
4669
-2097
7708
-4029
-6637
2584
-9191
-6595
-1431
-4896
-6601
3294
-1204
-9415
-6213
3935
-949
3506
7681
-3652
1636
4966
-8257
-9500
-8794
-2510
-5683
4916
-2045
8402
-6154
-7439
-1570
6843
-3180
3144
1203
-4943
697
-3729
-3242
4903
-1799
-1382
7404
-6120
-5960
-3095
-6454
-2416
-2515
8790
-9250
447
863
8827
-3841
7208
-5235
4996
-1734
-4983
4573
-709
-8743
-9162
-5136
1077
2889
-233
-7268
-6007
-7191
1409
8713
5857
-3236
2249
-7781
6449
-6550
6536
1369
-9629
916
-5821
-8190
7106
-4021
-2883
-3015
3118
-9708
4824
7128
-8260
-9671
8033
-2640
6566
8140
2086
3139
2903
-5149
-6509
5980
-1535
858
4130
2062
3034
4989
-2560
1546
854
2772
4202
7498
6201
8151
-3118
-4902
-4228
-7218
-1263
-6299
-2891
3404
6972
5527
-2145
-5112
-5223
7432
488
-6604
7590
4643
-2575
-2677
2469
-3753
973
4179
3074
7253
1975
-6723
-3726
-1908
-4749
-9465
282
7538
1258
-3012
-2633
121
5238
8913
-1129
4184
3009
7726
-5794
-1854
212
-869
-8942
-2542
4305
8682
72
-1122
-4318
-9366
3249
717
-1169
608
849
-6169
-2870
-1121
276
-2681
3729
-3638
-3826
-6501
5153
-2532
8529
-2365
7575
7408
2362
2370
-28
-5072
-2960
-7156
-7781
7939
2910
-4308
-414
-8597
1855
624
2863
5773
-8711
-5371
-1936
-4961
-2946
-5871
-2550
6010
3540
-6151
-7043
6682
1428
-3163
-9847
-7563
427
-2603
-2605
-9122
-9255
-6098
-6433
-1995
-8389
-1686
5092
-5417
6857
2325
3630
4673
-240
8503
-3821
3899
8695
2536
354
-1768
-5080
3085
511
-6809
9010
-5339
-3489
-3927
-4461
-2851
100
-5542
-6772
1984
5028
6511
-8939
-9942
-6573
7863
-1840
-7134
8277
-8785
-658
-2592
-3078
2048
-9343
-4623
-7135
7014
6166
8286
5082
-3216
2514
-9624
-1881
6074
-8197
-981
8168
-292
-7776
-828
1444
6899
-6525
-1209
2838
8637
-892
1615
-9928
-7947
3931
-704
2972
1602
6863
3586
-4584
-9839
-5717
2209
-2585
-5934
6026
-1756
-6004
-9316
1063
-3523
6059
8265
-6178
-1431
8114
-9831
5087
-854
-1427
989
1663
-6648
-2094
-5450
8214
3028
1976
-6782
-3473
5641
8335
-2659
-6398
8007
-4576
-862
-8244
-2622
-9128
4355
-5205
2153
-2427
-7369
4680
-9070
7355
-4638
306
2802
5638
-2284
-4988
3550
-2379
-9070
-5697
-7136
-5025
-7002
5391
-9222
3281
4545
-2734
-1283
4662
-5061
-6855
-1025
7537
-2291
-1726
3341
-3806
8634
4902
-4726
-1006
7283
4796
-3386
2035
2849
-9998
618
-7672
-824
385
-5507
-5165
8016
-7598
6997
8088
-5983
7996
2152
4489
-4038
-4608
2416
-7784
-8669
4389
-2071
8566
794
-2645
-1889
-4848
8153
2993
-3184
-2675
-1223
-2134
-9569
4543
5771
-3611
-4515
3678
7775
-5860
8644
-4694
400
4377
-7823
-9363
-7250
-92
-6968
1891
-7620
-5603
704
7583
1197
1176
657
-8179
-7727
8465
-4195
-4978
4709
-328
-690
5274
7564
6733
7842
8697
9030
7862
-6435
6315
4868
-7378
-1835
5541
-4822
-2527
-7599
-1756
-39
4048
-5055
-5621
6286
-8029
-6655
-5405
4855
-6336
1404
8434
7458
3622
-280
-9272
-4934
-3974
-7803
-4859
1190
-6541
1985
-6358
-9168
3513
-7285
-1426
-6990
4240
5766
3924
6063
6685
4184
-9339
-5273
-5069
8112
5592
3387
3247
-6159
5365
-3543
-5746
7980
-8754
2025
-2563
474
8275
-4724
6384
6177
-3499
-7937
-8698
-6453
-7228
8380
3894
-8416
-9386
-2979
6604
-7629
-9228
8561
-941
5125
-9865
-2962
-4272
878
7067
8741
5743
6308
5701
4656
-8532
5673
4696
-6234
6614
-1353
8803
-9493
-2317
7721
-6576
-8616
5339
6335
8616
1662
-6773
-1656
-1023
-8117
7208
-8192
-7035
1436
338
1237
8671
-4495
8234
-3116
-4556
-5883
-3031
-2760
6911
7345
-3989
5971
-469
-2044
-7309
-9736
878
462
1700
7875
822
-1484
1385
-4595
5513
-2601
-2669
3818
6571
8784
2707
-6740
2551
-4624
-900
3297
-8603
-9201
2277
8431
3538
-1901
8547
-8730
-4350
-3621
7936
-8980
8315
6943
54
1627
8860
1587
-9585
154
3243
2829
494
7169
5909
2275
-208
7251
-5362
-7249
-6580
-5846
7980
-1482
7990
79
7309
2393
-5664
-7277
-907
115
8878
-866
-1414
-3690
4626
8751
-1270
-8920
-6476
-9036
-5039
8069
-9947
-2308
-571
4231
-7479
-8737
7430
-8704
5756
-7102
-7041
3782
-7836
-203
8077
9098
3442
-3534
-2750
6815
-8939
-6872
3074
-8641
-1418
-401
6772
164
-1479
-6442
8351
-7545
8316
9034
-1536
297
-9350
-6923
-129
-6927
-5584
-2204
3482
5980
-3825
3927
-5854
-5171
-9326
-1245
-3239
6181
2837
-2730
7007
6049
3742
-1931
-4351
2046
-6385
-2734
1899
2198
-6330
-9497
4590
-7747
-8668
-2221
8448
364
5718
-5823
2398
2388
-1231
6218
4308
3779
-4548
1942
-511
8889
5920
-7830
-1258
1045
-7973
1539
5679
1704
6552
6949
8581
6274
5021
-8716
2309
-4329
8460
-8108
-6504
2019
-570
5521
-9538
-1340
3995
-5382
-2721
6648
2884
993
-3407
796
6900
2133
5402
-8500
885
-6456
-9774
-1083
1223
-3257
2936
7893
-5281
5248
6491
-2515
-6091
-1364
4442
-6440
-1555
6594
-541
-9601
-8292
-9919
6174
6532
-5741
8155
7944
-4442
356
-2216
8497
-7112
-4995
809
3910
4916
-8334
3703
-9205
-7314
-7416
-8307
-6059
7870
-2749
8917
2738
-5753
5675
-6968
-7649
-9694
-7327
5002
8915
803
-3506
-7183
-5343
2192
-2077
-2623
-2464
6058
5875
3602
-7521
2223
3850
8650
-8107
3866
5798
-3228
6938
-9985
5264
7427
-720
-5534
-4584
3696
-993
-2677
-4567
8191
-9786
-874
1017
-6894
-1579
7972
-955
-2273
3887
4330
3280
-2994
-8005
2773
6437
-9485
-479
6148
-8861
-2392
-6369
5025
7188
8899
4663
-1809
2661
-9809
-3225
3350
7494
-9788
624
6808
3387
2476
-8794
744
228
-6955
-5180
-1929
2009
-7393
-4141
-1743
5431
5631
-2848
-5099
-5825
1982
-3816
6948
4559
-5687
1062
1241
-2434
-9771
-4689
-1146
-9049
-9464
5960
3067
5505
-5689
8509
-6040
8432
7901
-4081
7217
-7212
4683
-6984
4580
3040
-3594
1883
6153
2163
-8126
-826
-4489
3151
2800
-7752
-926
-8586
-912
-6823
-2
6857
5090
-2880
1472
-4230
1915
1875
1119
6245
-6809
-4408
-4602
-3938
-1910
4160
8999
-8704
5606
7324
-8840
-2531
-1719
5815
8200
486
449
9039
-7295
-7937
-566
-7454
-656
4723
5045
-9640
-3179
-2437
668
-1191
-8875
3654
-9236
9031
-1029
5405
-6225
8572
-4940
7763
-7628
-2223
-5068
887
-7984
-7472
-1425
8399
-1957
-9014
4445
1999
-830
-944
-3189
-9356
5372
-201
141
-2270
-2662
1436
-248
-3204
6199
-3370
-3295
-1627
-3157
-7206
-3290
1000
3979
-5935
8814
-8344
6738
7580
2706
2516
908
-2454
8643
-318
3488
-1750
-5517
831
2220
-1673
-9967
3100
-1569
6454
425
60
7149
7259
3812
4510
4947
-9799
1555
-4752
3399
-6556
7144
-4896
-634
-4846
-6971
6915
6216
6749
5946
8916
1916
-9930
2432
-2052
-7854
4998
5277
7640
-7240
2733
-7431
6648
2764
-1246
-6369
8603
-6232
7319
6692
706
5114
3394
5406
43
229
8502
-8535
-2934
-4703
-7758
6008
805
-9493
633
7267
7078
-5173
-4137
2364
9072
-5952
3039
-7513
-9334
-9126
-9505
1464
-9389
-8478
-6450
3147
8020
-9944
-4761
-6199
7645
-6212
-7612
6842
-7233
3532
-1790
2342
-9482
5849
888
6141
-7869
610
-4324
3775
7028
-5045
6743
-3343
-7926
907
4740
-832
-266
-2962
-9147
-4456
-8253
-1781
7111
748
4391
-3169
8745
3290
-7561
-1856
-404
-4460
4962
-9303
-8031
-6059
-890
-6522
-667
-875
4969
-1102
5242
3064
-7564
7706
-8274
-3262
-1829
2343
-2892
4853
2679
-7334
595
1422
7861
-9861
-8251
4423
988
1509
1336
-1116
4482
1203
819
-8623
-1063
799
-9943
-3744
6829
852
-302
1972
2101
-5953
-1688
5809
-4896
2007
-4882
-781
-8964
3867
1985
2296
-774
-330
-4797
-1029
-8271
4033
7260
-6541
6686
-3642
7706
356
-3113
-9651
6925
6496
2285
-9148
7148
-8174
2091
7747
8445
3814
950
-4937
-682
8105
-3609
-7883
-2152
-9386
8342
7646
1275
8391
-4405
210
-5473
-7205
2715
-3762
4410
-4257
-4536
7079
-1079
-5245
4205
-2254
6057
-9817
5843
158
-9796
602
348
513
7144
5789
-5286
8279
6192
4568
7634
7091
1138
-1636
-1802
7658
901
-7925
5449
4352
-1765
-4148
-6663
2702
-1651
2995
5266
-5437
-6101
7768
-4817
-2336
-6105
-1816
7441
-9328
-1958
4205
2189
-2138
7204
3560
-831
8965
-2767
-2503
-4059
-9443
5680
5671
5968
3981
-6142
-8509
-8078
3475
-2735
6770
-7836
-5851
-9478
-9849
4379
7547
-616
-31
3196
-7046
46
-2474
-385
5819
-990
-2413
6272
3799
5807
-6505
-4531
-9149
-2946
4708
-1994
-2649
-8200
326
-6194
-7596
-3739
-6034
2530
395
2041
-1960
-2661
7052
8305
745
-420
6387
3425
-7014
-366
-1846
-3945
-9852
-5029
5395
-5657
-2753
6792
-6231
1300
-8688
6218
-5062
1268
-2973
5747
8182
-3837
792
5816
-3920
4120
8343
-6222
-9031
-9752
8343
4617
-4939
3039
-1794
-3450
-5933
-4926
8976
-8704
-8349
-4646
-2465
7185
8137
-3703
-1240
8219
728
945
-7599
-4217
1277
4121
521
223
-7367
-3706
-6447
3158
-3164
5493
-5999
5146
-4877
1753
1731
-146
-6906
3886
2151
8987
1416
-4269
4096
2828
7752
2730
6803
8907
-4641
-9876
2174
-852
6971
2559
-6660
63
-7483
7106
-6083
6897
-8479
-4182
3583
-4719
-8648
1512
2061
-3617
3689
8030
5124
5966
7917
-7463
3491
-4454
-9975
6817
1595
-974
-1386
-6231
-2202
-3289
-6681
3976
7299
1688
-1587
-8332
-2664
-4888
-32
4377
7465
-4402
1271
-1185
1475
-3760
-9331
419
-4783
-3547
-5876
5332
354
4433
8191
6917
38
-5176
-4489
4015
-1718
6875
7143
-3128
-8039
-3501
3336
-9628
7093
2021
693
12
-4003
-6460
-5805
-2108
3398
333
-4658
-4645
-1644
7319
7676
-8655
-7413
-2889
-6378
-7134
2621
619
754
-7489
8725
5077
-3906
-9410
-2421
-5602
-3147
-5025
2027
-9703
2449
2320
4883
3236
-666
-3186
237
298
-6482
8828
8606
-9845
-4342
87
8323
5798
-5715
3974
-7123
470
-3125
-3526
-8734
-1819
410
44
6569
-6395
-9687
-1000
-6521
-9634
2451
-1941
-5131
-4645
-4415
-1526
6900
5931
1752
-7678
-2900
1049
-6971
8569
-581
5131
-8610
905
-9887
2003
-7903
-8443
2545
-4025
1053
-3298
-7175
8414
-631
-3369
-15
3642
5348
8239
-3172
6722
-4782
2968
212
4934
6198
-3931
7841
-5447
8497
-659
-4848
965
-9376
-8562
-7785
-1468
-1114
600
7392
894
4637
8017
3425
8007
-4351
7610
-3438
-4879
1460
2582
4824
-6087
1740
1820
-88
-2454
-9308
-5698
4928
5151
-7161
-2008
-3398
-8288
-8451
984
7789
-2069
-5584
-8548
-5244
-5252
-9154
5058
-7915
-3676
8666
1329
-715
7712
8631
2719
2216
-4085
3640
-8762
8348
-2072
649
3792
-2160
-5416
4795
-7759
-1946
-3355
1415
1713
6457
3788
8944
7755
-9295
7
-2175
76
-6934
5806
-266
-6412
-1996
-1514
4140
6340
5644
-756
4899
-9314
-2805
-9689
1759
-140
6405
-253
2736
-9828
-924
7729
-2997
4564
4032
-3048
3996
4620
7891
-9124
2014
-7792
7213
-6437
7295
-7459
7318
-2939
-4212
8477
-433
7579
-4280
7934
869
729
-5483
6145
-7972
-917
-8651
82
6395
-2347
-9000
-5540
-1198
4294
-1321
-8949
3614
8644
7573
4767
6353
2690
-7403
-6368
-7861
-782
1666
-656
-6042
3383
-272
621
2009
-1807
-6305
-6697
-7566
6974
2591
-1193
8651
-8068
-5063
-441
-7437
2834
2863
-6977
7505
-5263
-5137
46
-9994
76
-8420
7302
-1869
-9115
4005
1934
6541
1128
-3877
-6988
7048
-497
1575
-9392
599
-4625
7740
5763
-3948
-1235
5240
4420
-2247
2161
-8932
-1571
5479
-1358
962
8345
-1481
8805
615
-8068
-3387
-4484
4296
-8451
-7032
-9343
1390
-2478
4932
-8075
1634
2184
-8742
2254
1548
2130
-3880
-1777
-6006
364
3960
-3717
-451
5094
8940
-4424
5579
-2102
-9835
-3098
3616
7366
8012
-357
3119
-4918
203
6191
2795
-4605
6498
-2283
8612
-4173
-9474
-1992
-2830
-6776
6218
7956
2224
-9704
4811
-9750
-2905
-9671
5091
8325
-8268
6515
-5799
-6508
-2644
-1970
-2567
3391
3296
739
8258
-3534
-8073
-947
4552
7723
2990
-3758
-3205
-6279
4567
932
7530
2354
803
-8667
3802
3319
-7445
7761
-7453
2790
-886
1001
4458
5403
-8807
3005
-9640
581
7517
-3741
3835
5555
-5910
-248
6029
-6830
-5132
6211
-3617
-9147
2657
1369
-6242
-77
8109
970
1812
-3977
3351
3238
836
4658
-1809
-4532
6475
49
3718
8273
6529
9108
-4119
5337
-4672
-1692
6220
-8025
-1736
-8949
-5572
631
-1549
-4533
1378
-8307
-9868
6868
-2758
-5466
6417
-654
-8808
3461
6354
-5721
4547
8301
-2637
7746
2400
-4021
-1425
-4282
8806
-3601
4096
6444
-3959
4574
2826
6134
-7294
761
-8405
-7280
-5214
-4632
-6720
-3503
-4665
8730
-7194
-817
-8145
-2817
7915
1543
8107
-8952
2885
7043
3735
-359
-2226
7572
-7945
-7268
-4215
-5021
-3279
-7188
827
1792
832
-9717
-3361
-445
1866
3633
8617
-822
5021
-9134
2410
2794
-6827
8515
-6138
1622
-2393
-7448
7460
-5008
-8311
4907
-7602
2189
-7013
-6853
-9336
-7947
8706
7424
8899
-7477
-2097
138
7475
-8428
-9457
-1640
8801
-5527
-8445
-6294
-7978
2868
6355
4104
4399
-7336
7993
3287
6495
-5832
-5525
-4166
102
5049
7008
3574
-3432
-1281
2969
6563
-405
6720
-8910
-114
-5109
2159
-8960
-7710
1079
8371
-7126
2986
-6563
7107
2885
-1346
4958
-1994
-2128
7124
-6817
-4581
-9071
4730
7172
-7932
-9965
-7574
-6312
-3907
-8209
82
628
-5884
3234
-5575
1778
-3532
-788
-7761
-8377
5703
-7793
7247
-8706
612
-7603
2119
-7837
-1646
7740
7685
-9153
4969
3379
-5824
5790
-4517
1838
-7178
2123
7737
7726
-5015
6579
1916
-7642
8445
-6128
-1541
6000
-1511
7918
-4368
5500
-3396
-6789
-7195
3436
-3441
8795
-2960
-9738
4458
-2523
-6770
-765
4783
-140
-942
-2242
-3706
3753
-3611
-760
-6990
7101
6346
-9332
-1499
-1746
-6925
-1754
2828
1477
-750
8891
4338
8592
-3225
-9036
2984
1170
-4721
-6849
-4917
7474
-6733
6632
3348
-7320
-3302
-1415
3938
-9300
-295
3860
1528
5515
2489
-1374
-4011
-7863
-5065
7428
5719
7917
-3442
-7020
7350
-6537
4020
5314
-6916
-1907
3897
4247
-1526
-6762
-5843
-5341
3833
8837
-3557
-4179
-8445
3614
3431
2127
-8228
4514
-2638
7947
-3898
7272
4099
847
-3765
-3026
-3444
-3711
916
-9713
8405
-115
-2217
507
-4500
-4155
-4074
4581
-4615
-1711
1358
-2170
3916
-3725
4818
8237
5873
-7896
-5515
3554
-8793
-7164
5224
5197
-789
-5064
3118
-6950
-1988
-8500
5805
6991
2867
3546
-9568
5682
7161
171
-1886
-2414
-3800
-3686
-872
8196
-3412
7396
-6645
-2177
5153
-2878
225
-5549
-8197
6485
8203
5568
3784
1710
-8704
-9436
1850
-7124
-3431
-6116
1608
3491
4087
-9630
-4157
8260
-8925
-4299
3113
6023
-2647
4017
2832
6151
-1392
939
-8420
-4705
-2979
-9110
399
1353
5187
5505
4466
-6013
-8103
-4549
-1125
-2450
4859
-6676
8868
-4757
-3412
2221
-6691
-7015
-8021
6017
-3954
-5476
462
-5096
-868
-5815
-7264
6756
-6899
-520
8107
-3445
4979
-4321
2609
-9746
7427
7705
-4973
-8144
6362
4747
5949
-4437
-8836
-5972
4272
-2412
-437
5511
-2371
7718
-6684
127
3967
-4125
-9109
283
-3628
280
-8749
-5736
-7650
8518
-1434
-1697
-2531
3188
1758
-3666
3918
-5273
7081
-9878
8778
422
-2302
-5101
-6261
-4897
-963
4271
-2807
-3286
-8149
-9612
-6761
-5149
836
-3266
8486
-2856
1332
3870
-9395
2097
2397
6554
6120
1984
5683
-8916
4954
-6772
-8407
-7099
-9363
-6807
472
-6455
7300
5116
-3457
-8731
-8757
-3897
6195
4760
6667
-1823
-4936
-7383
-7648
-4977
-3028
-3227
2518
-6790
8641
-3319
7149
268
-2098
879
-1457
-2048
8441
-6035
-4879
8073
8875
-9954
3502
-2710
-1443
-6630
-9400
63
2627
3626
5026
6760
9011
-2058
-3080
3065
7855
-70
5380
3943
-493
6550
-6324
-6209
-4480
-2968
-2787
4787
1849
2415
-3214
2230
-361
7717
-1574
-4982
-1761
4185
5590
-6399
-3827
-7545
-293
-4985
779
-9612
380
9083
-6041
4602
-779
-1490
-2292
302
-1434
-7676
5493
-290
-8230
-8476
5280
-5064
7337
-9788
-3161
-7205
-2879
-8707
8640
-8098
-5174
-6331
3464
1778
-2231
-2949
-3157
7784
2136
-4868
5775
-2746
828
6371
-6807
7400
-5479
8461
-849
-3899
-1352
7652
2415
4065
-2555
-8764
-5759
-505
7299
-2017
2390
-913
-9558
-7943
-225
-4449
4169
5054
-7468
-8486
4605
6833
6698
5761
-5128
-1975
3232
-9035
6142
-1437
7398
-2216
1265
2539
2377
-3703
377
8522
-5668
-3467
-7190
6471
-9515
-5848
1865
-3312
-3189
-1229
-3405
6766
-6770
-1409
5929
-2363
620
939
-9047
5777
-808
8543
-2872
-6725
2477
-1265
-291
-5394
6946
-2973
-1197
-6522
4297
4770
721
5122
7828
7257
6347
2546
-6104
7308
-8786
-5540
3493
8500
-4667
-1193
979
-6372
-8081
-8562
-4657
3724
-670
-5088
8528
8658
-6006
873
3567
-2741
-1135
8907
9092
-6883
-7532
-2417
6993
-9194
-1068
2486
3715
-2469
1881
1008
7329
-7333
-1094
3101
-6598
-9099
2751
3317
-4892
-2636
7258
-9427
-4560
-4192
5718
8294
3262
-4527
8102
5760
-1558
-8570
-5508
376
6031
6873
937
172
3819
-1444
-3153
6936
-8158
7445
-3293
5860
-248
17
-2529
2665
3632
4672
3799
1728
-5017
-8105
-7858
1185
-5789
-238
8347
-1758
-1448
5244
-7435
5898
7299
7653
6193
-4348
-912
-7422
8622
5675
-9484
-9678
7854
-2882
8224
8981
-1459
-6755
7126
-4563
-7872
2894
-3245
1888
-4607
4136
4730
8875
-4039
-5944
-668
7729
-1617
-4279
4880
-67
7685
1222
2947
-8182
-6424
1054
5173
7247
1211
-5340
-6836
4147
2084
-5646
-8780
5102
239
-6885
3116
-1206
-857
-4589
2260
-7943
46
-664
5741
4565
-3658
-8089
1062
2133
1362
-1709
-8704
6443
-579
5308
-8140
198
6845
-1369
-9324
-9268
972
-9418
-3209
-8394
-7165
3354
-2511
-4732
1729
-3915
-9210
2273
8085
890
896
3364
4436
-9393
904
-701
2722
154
-7215
-6207
-6942
-6099
-4320
4055
-8746
-7082
1073
-9489
-5266
1528
209
-537
-7455
4134
1729
2112
3546
-4207
-9596
-4723
-2499
-1854
7482
7655
-5589
-2380
4885
6237
6850
501
-2867
-9183
6921
-7003
7672
8058
-2327
2557
-5986
-1190
4135
-9722
-2462
-3444
-9319
-8568
818
-9698
-1999
7916
4877
-3072
-250
6632
5416
4035
-4458
-2851
-357
2757
-2844
3960
-7216
3357
-5605
-609
1665
8671
5586
2795
-5561
-9012
-8221
717
265
-2778
-9393
925
6973
-7021
5926
4583
-1765
8058
4748
-9796
190
-9711
-3295
-6364
2516
-9477
-7086
380
-8346
-9825
6618
3305
-7839
413
-1109
1271
-6161
4330
3476
3889
-4851
8157
-3634
-1806
3428
3741
-700
-3336
5955
1697
-4276
-6151
7732
-5810
8324
1376
1965
1950
-9721
-6085
7197
522
-937
89
-273
-3575
-1236
-3441
3212
-5346
743
3028
-5418
-9141
4178
1157
3046
7635
-668
7898
347
5373
3549
-920
3574
2768
4697
7094
1212
6638
8429
1013
4051
-440
5815
3751
-907
5401
7590
-2998
-5024
-7260
2576
1300
-9047
1820
8391
6873
-865
-2833
7454
3454
-7382
-8496
2692
-8176
6097
9106
5639
6083
852
793
4471
5697
-4651
8854
8101
4145
-5833
-9573
-7936
6769
-9955
-7671
2921
-2394
-7203
-7752
-1873
-8246
3500
6947
-2041
-5955
8308
-5026
-1606
2547
5991
3991
6778
-889
8885
-8494
5273
3307
-2607
6003
-4049
-8778
2842
-5754
2705
-1292
-4898
-9316
3408
-9712
-2294
-4914
8151
3848
978
3885
-7418
3029
-7166
425
6512
-9626
460
-4447
7277
-700
-7227
2076
7007
7662
-3820
8738
-9787
-4082
5421
-3095
-1965
-746
-5759
8374
8066
7623
690
-1894
-5159
905
4963
-7071
7256
-5000
8048
-7756
473
6091
8614
-4424
-114
-2711
-3908
-6596
-4066
2150
-7199
4870
3232
-1909
-5128
2233
7551
-5927
-4151
2451
-1213
-6417
1483
8013
-1192
-7647
-9288
-3629
3460
8968
3944
2007
8738
-6064
-1736
-6754
-3573
-156
6143
-9254
-6839
-9164
2439
-4084
4822
4944
3997
5873
-3967
-7270
-5499
3183
8274
-4404
2580
-3111
-5392
-9400
5891
-2468
-3424
8845
-933
-3910
7329
-83
5255
-704
8951
-8374
-4195
-2294
-2946
-4897
-710
-2049
267
-4434
-6809
2988
-2520
-6037
-9662
730
4466
-9240
2856
3142
479
-8626
7762
-4173
3076
-1390
3293
-6560
892
-3651
-2290
-5096
8812
-5299
6046
-5594
6049
5919
-3871
3171
5430
-5371
5746
8165
6533
-7097
-9948
-7387
8506
7461
748
6569
6185
-7887
7940
7576
-7012
9102
3753
7567
933
-4151
6182
-6082
6980
7410
3300
-7221
-2959
5055
3804
7671
3755
8809
6835
-4150
-5248
8720
-1583
173
-1442
680
-5943
2555
4724
265
-2157
6699
-4116
7594
-8582
6071
-7835
-2314
-7763
-420
-2429
1828
-8815
8247
-1273
6396
4696
-6549
-6343
2200
-7186
6500
-5599
2090
2823
-6609
684
-6420
-992
-9747
-8209
-6374
-1683
-3285
-433
5724
6018
-1429
3636
6856
5506
-3932
6571
-2746
7403
2048
7534
-706
-8554
1286
5107
-9394
-1103
-7477
-2550
467
2297
2918
-5230
7150
-4614
7709
7801
-8016
-2211
-6056
-6490
3594
-1321
2126
-9622
-3875
-1062
-4076
5818
5869
9052
6270
3810
-9225
-5019
-8610
-7867
6846
-5731
-8815
3852
-4207
8388
8224
-6574
-6900
-6200
5610
1470
6920
-2610
4586
8589
3459
-1463
-6060
-9386
-1557
907
-1018
791
-7027
-4171
705
538
5151
8232
-6005
2169
-6005
5575
-9045
6839
-3397
-785
6841
4330
-421
-1301
6401
-7676
2452
3578
8021
-1522
-5535
6804
-9650
1361
-8960
-9224
2813
-4062
4410
-483
879
9088
-2317
-2315
-2601
-6008
8929
-6560
-2526
-8655
-3565
6871
1986
-5756
819
-1266
158
8868
3630
-3343
7463
-1482
-3069
-7774
-3928
7470
7881
1757
1129
-6781
-7239
4141
-7572
6209
7459
6877
-3353
-8106
-8701
2409
-7481
-988
-3896
6676
-7957
-3282
-5182
5230
-9458
1430
-258
3069
1432
-2248
1178
-7639
2157
-4544
-8387
-948
-4765
-2828
1435
-5745
7708
1417
4443
4900
-4092
3066
-7914
-1737
7568
-8779
-5862
-1550
-7586
-622
-9817
8478
2652
-7350
1215
8822
2600
-1185
-7291
3799
-4969
5098
-5281
-8810
-9720
1371
-2826
4471
6701
-8151
8091
-251
1399
-959
-679
-3401
-657
-8522
4624
210
-6387
-7273
9070
-7222
-4727
-7741
5523
-7416
5081
1736
778
-1108
-1292
-9357
-131
-66
-1654
-9104
-2018
-3803
3171
-1209
873
-9435
411
-443
-2922
-6389
2452
-5385
-521
1121
3314
1622
185
-7697
5151
-8059
5041
7145
4971
-5411
8514
-5036
194
-802
-8960
756
8296
8511
7376
-1553
2619
-1573
6163
3946
977
8505
1491
4839
4304
1912
-745
465
-7743
8780
4702
6210
-419
-2435
3907
-3595
-5022
-39
350
-1419
-599
-4091
-506
-8788
-1484
5446
-5561
3065
-3638
-8969
7626
-5113
4582
5363
450
5769
-426
-9799
-7159
-6942
4457
-1952
-7294
537
3620
-6046
-8825
730
-5396
971
-6532
-7342
7201
-2418
-5456
-4932
-990
279
-3677
7982
-2527
5313
-5898
-8775
-8846
-186
-8373
3341
6239
7261
5955
-5223
-2880
-2709
3247
-8648
-6798
8081
-3285
-5438
4271
2832
-1539
4515
6687
4967
-3191
-3000
818
-4618
-3242
8418
3002
-6018
4709
8267
-6054
-8520
-618
-6195
-7674
-3043
3615
-3534
4140
7814
4662
-90
3458
-6808
-8135
53
-6437
-8240
-6290
3764
-3148
-1290
-6338
-4689
-6995
3751
-7477
857
502
6660
898
-6863
1705
4104
6530
-8278
-1302
-7091
-7765
-2687
8341
-8006
-9625
7996
-9695
6023
2666
-2374
-6484
5828
4855
1241
-9729
-9055
1415
4359
6942
-5929
-9200
-2301
-5566
-7243
5088
6603
-3084
1524
7328
8478
-4214
-9857
-8645
-9346
8648
5520
4546
-5143
-1665
-5210
-4995
-3895
-8915
4020
-2660
3797
-8195
8781
-7135
759
-7312
-7830
-6097
-5374
-7892
3660
-7121
5583
-3970
-7105
1080
-2096
7818
3311
-8160
-6627
4473
4200
1717
-6126
-4477
-3442
-3976
2152
8190
3818
-3387
-463
4541
-8709
4798
-2742
-1341
-3431
5790
-6385
5363
5853
7669
-5013
2641
8086
7951
-4560
2833
6224
-2590
-3103
2180
-6034
8448
-3272
-2937
8114
-4764
5253
5270
875
-4441
-2587
-2953
2466
-8958
-5262
-2780
-6179
8369
1249
6645
7348
-2866
7743
5655
-3271
357
-3440
-2269
-9417
8442
-8035
-3592
8839
6480
574
-8033
-1930
-9805
-332
-8668
-9464
-2532
-5513
293
255
7064
-9826
7044
3212
7343
-988
6979
5285
-625
3956
5956
-9296
197
-9666
-2244
7799
-2478
4686
1557
-6406
-8995
-2669
5110
-409
-7229
8274
-6374
-1300
-83
6109
-121
-7354
-2550
-4601
-1212
183
-1360
3642
-7637
-570
-5890
246
-536
-7476
3742
-8737
6996
8984
-8088
-7344
2137
1906
2053
-3301
-751
-267
-5812
-2548
441
8193
-4615
-1722
-4632
2390
-5924
3309
2377
-5202
669
6697
-841
3004
2322
-7873
8607
-118
6991
2586
4973
-8492
-8723
-6235
-3212
-2740
-6028
7097
-284
-9250
5273
8179
-4005
-8813
-6800
-6706
-5956
4955
-5122
6197
7571
-9568
-1991
2198
-1685
-5661
2620
8256
8707
-74
-2785
8490
1865
726
1603
-1067
6915
-8380
-8510
7231
-1583
-3898
-6408
1627
-1352
1613
702
-2028
-196
-972
7207
-6349
-4996
-9207
4138
4541
2622
-1797
4574
-7552
3763
-5161
7514
8914
2659
5906
-3686
4392
-1292
3390
-4497
-7576
3465
-3229
-2221
1468
5963
5506
-6450
5825
2760
-5352
-1548
-321
1843
-6436
3486
1072
5711
6185
5434
-1288
-3831
8165
-6533
-6422
-2288
-6198
8091
1865
-4701
5433
8387
5537
-6476
4783
-690
7356
2137
-7331
7701
6240
-5347
7873
-1188
-886
5511
-2165
-2930
-906
-7581
4366
7805
1646
7080
5915
5378
4423
-6697
-5799
-6245
2161
6538
808
525
6451
-4615
2039
-3846
6184
3378
5254
8058
3042
7608
8318
-5941
-2580
-647
3477
-2810
9001
5855
-1003
-555
57
6752
-3259
7581
-3267
8528
4010
4053
-2064
8037
-4460
8826
2968
-2653
1484
-6271
-6528
-8320
10
4840
-3711
5431
-5237
3162
7885
1856
-2042
-4930
-1050
6134
-6122
5429
-2460
-8638
-9532
8823
7767
3581
8544
6780
8491
-8800
122
4128
2068
8615
214
-9928
6993
-253
-6282
7321
-4156
3280
-6845
3749
1989
2703
8819
4001
569
-1060
-4897
925
4159
-766
1285
1605
-3122
1785
-4915
-986
-7741
2354
5472
-4912
-4691
-242
-8907
8394
-8359
-2114
-2799
8326
2416
-4319
-416
3384
7331
-4157
-3166
-4936
3886
-5457
-3790
-449
5221
8321
9092
-7167
-2670
7733
2317
-4792
-5339
3828
5061
2614
6931
7190
-1561
-7770
1609
-9575
2359
-7317
-8261
-4100
7632
-1522
8773
7025
3398
-8965
-5050
-9979
4251
6839
-3856
-4079
-1009
-3888
-210
7384
1063
-6968
4692
-8007
3665
7712
-257
6094
5576
-9860
6527
-5396
2579
3461
1308
-6473
-2188
-679
-9312
614
-6817
-571
-5666
1281
-9743
-5360
8700
7345
-3531
1010
-1801
-7674
1563
3349
-1515
-674
-2886
8870
1359
9044
7858
-7321
-8552
3258
-6369
-9654
-3435
-9210
-4469
-7383
7233
8793
-4576
8300
4200
-8366
7822
-6590
-8265
-976
8136
1521
-376
-5434
1064
4201
2164
8354
-5025
-8019
5536
-1935
7086
-9232
1879
-9496
-2020
200
-2350
9035
7199
7909
1814
-6148
2900
-1470
6026
2387
8272
-3150
628
-6297
7134
-7666
-9093
-3663
2178
6006
-7806
-1446
-2695
-2665
4939
-6451
-3796
-833
-8294
-5344
-3579
3695
2778
-2379
4884
-8176
949
-9774
8831
-4229
789
-7467
7298
8900
-9919
7248
476
1832
55
4752
8984
-4459
-2550
1097
-1995
8219
1729
-137
-7030
-1736
6772
-6268
-3177
1370
-4034
-5423
3196
-6994
-2058
5309
508
-9319
-3371
-3594
-4784
8784
379
-2472
-2746
6814
2197
3495
8236
-3922
-5205
-9121
-3756
-8320
8740
5789
-781
-8915
6380
567
-1877
-2944
4834
-4072
2934
4627
-5949
-2530
-6110
3869
-5757
8303
8036
-8957
-4119
-1655
-2161
-5800
-7391
-4721
5191
-6724
-5380
-9256
-3426
-4914
7456
1516
-6610
1277
-3910
-577
-6576
5185
7407
7283
-6050
-5549
3718
1750
2762
-5273
-395
-5634
-8165
-4384
-8034
-4799
4923
395
-2051
-4982
7600
1101
4500
-5154
-7565
4089
8477
-2153
6295
1659
-5921
1736
-2222
3944
4879
-7150
-7240
-2279
-5606
-6612
-394
-17
1640
464
2795
-9746
8033
-9042
-6880
2255
5717
2119
-6673
-8929
946
1447
-9315
2560
4847
-1015
-4903
-4130
4579
-8897
-9353
6992
5711
-2985
-139
8239
-7560
-2799
-4000
-5439
4536
-2384
8584
-5964
1175
-7819
5179
7519
-5273
-5961
5066
1083
-1591
-3293
-7003
-6569
-7835
-676
1997
4532
7415
-6265
4528
537
-184
4926
-6334
1018
220
-5996
-185
-1485
-3881
7890
-4342
-6671
1986
5773
-8616
2666
2930
-3299
-8858
539
-4839
-1312
-1417
-996
-5983
-3571
6074
2239
4327
591
-3730
800
2212
-1953
3343
5372
7638
-5840
-2702
-9278
3348
-3450
-5036
-358
-8952
8791
569
-4484
-2060
8455
-8398
713
-7408
-6012
-4625
-8872
-3657
3786
-2999
-6209
-2946
6699
3311
4651
1620
3982
240
-6061
-7571
-4865
4151
-1231
8526
-9580
6315
7735
-6277
8064
-2044
-5651
4983
557
-5701
4996
-1011
4680
-1792
-1776
-7329
2215
-971
-6148
6283
-6493
2791
5772
2362
-563
7146
-3810
-1450
-3370
-6913
-7196
-5697
1957
1310
-7828
-3204
-3236
6529
-2597
-4170
-7349
-2069
5620
2400
7439
-4338
6063
-4226
-7984
-8733
-663
5230
299
1609
5019
-3248
-9457
-4628
3409
-9083
-8234
4923
-1647
-2530
-8506
692
6156
-6630
-3965
-8573
5030
4810
-8374
7145
3632
4699
6294
-6629
4046
-6225
-8918
-9585
-3466
-4638
2873
-3302
3128
-9653
5414
4543
-3747
-8609
-6881
-3515
-5936
-3148
8702
-1850
906
-3254
-1371
2693
8862
-9412
-4640
3651
3604
2277
7101
-9681
-419
6295
450
-366
8959
-8650
-1612
-7010
3720
3920
6688
5808
-2921
615
4298
3639
1691
4264
3081
-3221
5121
-1856
1589
-2700
4269
-2487
-9323
-4055
-9998
8346
2218
-9150
-7631
5094
-5038
-919
65
2608
-3350
-7287
7587
5711
3553
6109
-819
1944
-4386
-1753
-4586
845
-8041
8463
8319
321
-5678
-8563
-5294
-6851
4488
1445
-9328
-7557
-7012
4498
-8298
5837
3439
1108
-4347
-4784
-6427
9123
-2386
367
-1684
8534
3714
4603
7242
-7676
-8102
1554
-9470
-1720
6386
2879
-8345
1171
772
-6475
-5626
-3084
7244
4328
-7959
5144
2722
8179
4407
2467
7629
3629
-7407
-9802
-2728
-7123
848
-2049
-7995
-5089
-3154
-774
-4970
2164
-454
-1758
-8088
3832
7235
-2053
4182
-7733
-9665
-7873
-9159
5781
-9038
2410
-1674
2296
-4189
4659
-9804
-5225
-6181
-2607
-1040
-9668
-8992
3509
-7970
2827
-834
-4140
5802
4272
-8115
-4920
-5219
2922
3231
8014
-9057
-3540
7409
5361
3294
-9534
8480
614
-8085
7561
8749
-1167
8224
1311
-970
-9745
-1656
-7847
8406
-8420
2823
-6274
-4084
-8645
2225
3598
-4552
-4307
3896
5005
-2371
4528
8188
-3079
3715
2859
-3510
-2419
3223
-1506
-9024
-483
1593
-6408
3202
-9667
-3240
-5509
-4759
-8371
5859
-7373
3640
1651
-4810
6341
-9457
6053
-6864
8819
4141
2786
5842
-3967
-68
-5780
-232
1303
6719
5294
2889
-9237
-1946
-89
-9396
-6695
1256
-7677
-2724
1891
-3162
-9043
-9549
2266
8270
-4999
-9113
-3463
-8270
6498
2316
-440
-5556
3527
3477
-2687
2799
-4440
2783
-1019
-311
4581
-3104
-929
-2136
5095
3696
-6272
1047
-8115
-4916
7343
-1223
368
1981
3183
2335
-6425
-3114
-5069
-6667
-6770
-428
-9780
-7022
-6671
5442
3650
5558
2414
-371
-4304
-1336
7419
-7798
1380
3184
504
-5598
-6825
428
6282
4614
8969
1414
4096
-9217
3199
-8454
-9707
4101
-776
7797
-2148
-4352
-3542
-4992
-3325
-3907
-5466
8776
-9955
-2706
7756
1379
8511
-1321
481
-1834
-9400
9123
-8169
8296
-6289
3626
-3826
-2261
-273
-2070
-1994
-7454
-7757
2104
5265
7437
-9595
-2977
-9189
1771
4867
-3629
-3491
-5589
8991
-6478
382
-1012
5982
-2411
2026
-4584
-575
-4967
-9055
-9707
2270
51
4085
3349
8597
7842
4405
7868
7210
-8012
6533
-2935
1152
-9681
973
1488
-2133
7834
2422
3353
2614
6544
8429
-9811
-6756
6309
881
-7863
5028
-7411
2244
6333
1159
4971
-4834
-522
2061
-3414
2297
6149
1090
-2236
-3676
7003
-3888
-6683
6960
5663
5740
-9463
6672
714
1734
-3285
-3197
4850
746
3896
105
-7712
-3039
2267
-7161
4621
-1132
-9801
5030
5305
4276
-8505
8550
-8719
-4464
5397
-7737
-5151
220
-8574
3200
9050
8473
4342
-4479
4490
-4959
-8471
-5401
-5557
-1833
-560
7855
7289
5604
9
-812
7946
-5076
826
-1866
-4087
-2589
-8345
-8614
4244
-8890
5390
-4823
5461
-5548
-8046
-5370
-680
-9305
178
-7061
1742
-3255
-2527
-421
-2662
4724
586
-2863
-5164
-7237
-8739
-5200
4651
-3792
-6560
9049
8517
2415
-2713
1639
6818
2955
401
3379
-1226
5475
-1739
9114
-3787
-5190
-1465
6593
-4575
-2930
6569
1200
6575
-8753
-9204
312
5948
3641
5673
1480
8972
589
-350
-748
-8989
-7971
-4764
6029
2532
7663
-4755
7910
5468
3217
-9195
986
-3537
596
-9077
-9974
3352
-6208
8498
-2419
-1237
1363
-7527
7270
1618
6098
4815
-6824
6405
8044
3530
7308
-4175
8132
8103
-5816
8697
1630
-5940
-3114
-8175
7782
4856
-6643
-9559
-1066
-6151
-4648
2717
5647
7252
5180
1214
-7932
-9511
-1229
8679
-2910
-5590
5557
-7153
-7932
-8496
6548
8810
-7380
-4839
-2546
1616
5863
-9547
-8279
8856
1612
-4244
104
5631
8239
6828
-7316
2248
-537
-418
-9242
-9209
7474
-3906
-6244
7643
-669
-5371
1606
-2781
-2374
-5962
8880
6277
7431
-6329
6945
-6227
5519
2859
5978
5194
5531
5447
8726
5436
-492
2264
-9561
-614
-8274
-6692
2508
1609
-9254
5756
-8665
5649
-8596
-1065
-7715
1233
-2030
3625
1229
-2427
-4001
2951
7323
4568
9006
8035
5853
5727
2728
-5313
-5616
-7974
-3509
-2556
-1866
6191
-5811
-7780
-4507
-5683
654
-2730
5530
-8326
-7665
-8705
-7632
-3417
574
-5256
-2776
-8095
-5782
1152
-563
5681
4064
-5006
-497
-7186
-3421
5904
8005
5182
1372
8433
-842
3084
-9200
-4782
-2957
-4251
-1868
-3089
6043
7852
6544
5648
2233
7710
5666
-731
-4847
-2017
6587
-7522
6932
4462
7130
1577
-7874
8319
1840
-7322
6862
3873
-1612
-9653
-574
-6975
1261
-1592
-4217
-4645
6824
-8526
2897
6430
4233
708
8260
7539
1885
917
-3728
6433
750
22
7719
-1106
-8499
3819
5077
-1653
-6909
-2152
3033
-4547
-828
-7830
-537
6196
-3778
-793
-3552
-2742
-6514
8921
282
5113
-1295
-9499
-9771
-3578
2440
-6290
-3567
-9077
5530
-9571
-6878
7490
-8248
-9469
-8476
6566
2455
6559
-7736
-1024
-2435
-2557
-2742
2063
-8756
-7936
1317
-7323
-5532
8138
2946
953
8864
-7394
-9812
-9001
3590
-1346
5031
8504
-8586
2110
-953
-1257
8171
1097
4444
-4310
-2318
-994
3927
-3950
6657
-8694
-2452
-8739
2367
-2711
-4822
375
1517
-6244
5578
6516
-3394
1293
7750
8270
-9658
-9475
-7024
-6200
-8472
-7117
-2439
4578
7519
7638
3015
-729
-3256
-4374
4119
4585
-5790
-3104
3419
7557
4182
8051
-2244
-3700
-6524
-5345
-3013
6782
5655
1655
-7864
-3122
2471
5297
-4653
-2843
-3970
126
-5479
3773
2868
2093
-7135
3852
3398
5031
-6369
-4110
-1240
-9007
2305
8834
6997
-9808
-5913
-8585
1892
5799
-9676
5997
5019
-98
8047
-4136
5502
-3863
5924
570
-9722
-3039
-1445
3207
-7626
8769
-5312
-7912
5185
3028
2025
-2431
-8977
-8904
-1979
4662
8473
-7574
-995
2278
1209
-6068
4388
-646
-198
-2352
7877
-7035
3169
6125
7473
-2739
8231
2185
-4388
-8202
1562
8221
6460
7351
4627
-8001
-4646
7988
-6227
1878
4973
3923
-8119
-6615
-3486
3075
6255
-6355
8484
5470
1697
8324
-6596
3850
-9108
-8278
-1957
8184
4678
-5236
-1538
-2038
4608
-3778
-6900
-9748
-4910
777
6774
-790
7701
5524
-4420
7048
1798
-6046
-8916
-216
-390
-5603
129
4585
2824
-734
-775
2361
4816
-7390
6459
2904
3079
-3706
-6691
8133
-6584
-2989
8438
4782
-9715
-3738
-2015
-4522
-4006
-727
6892
5296
2743
-4520
-7949
6061
-9362
7382
-1427
280
3759
3000
4262
-4658
6121
-138
-5441
-7520
3442
-6130
5255
1407
2214
-3429
3631
-5213
-5361
-4574
-501
-6652
5536
-5349
-1410
-6450
1497
3053
8741
-665
-9442
-9603
2266
4820
6844
2152
-5627
-460
1873
3096
7785
-454
-8298
-4495
1159
-7876
3142
-4516
-6919
-3828
973
6388
1421
4335
-2117
-4775
3868
-892
-5591
711
2968
-6933
244
4347
-8079
3044
727
-9566
3687
-9938
-7802
-5909
2037
666
-3235
9076
-8355
30
2615
-3534
-468
-3987
-29
2569
7486
-6707
-1900
7054
-3063
1618
7408
4388
-4870
-8839
-9872
4717
8425
-3521
-6416
7239
520
2708
921
-6981
-6027
-3119
-5650
-9246
-2430
-2069
-6420
-6162
5616
7067
-8822
-3045
2220
6798
5984
7751
-5056
2796
2621
-7932
-8223
-3067
8085
876
538
1171
-9350
4289
-3554
4500
5070
5948
4215
-3049
-1404
604
8067
-2655
-516
8130
-1962
3570
7895
-2813
9106
2297
-7504
-8373
-382
-5044
2294
6847
-9913
-1147
-8759
6164
-2080
2598
-660
5522
-2720
-1585
6516
-8884
-8003
-5646
1863
-4732
-1798
-4621
8808
6722
-6688
3615
3153
-2669
-1839
897
893
7365
-1325
8147
-5330
-8511
-7795
7346
5860
-4639
-4291
1555
-7316
-4532
7129
3086
849
8747
6177
6779
-4810
4752
-9567
6352
2548
-5762
-4728
4695
3535
-4404
4823
3034
-1997
6146
-8295
1099
-3153
-1744
-6256
5026
8034
-6226
-2382
-3499
8682
5771
-7305
3339
8717
-651
-7235
3530
277
505
-4293
5265
6931
1447
-4401
-9569
5341
-3367
-6190
264
-338
1799
-6448
-4339
-6237
-3971
-3761
-7407
5003
-8849
7869
-8585
-2867
3055
6793
5901
-8457
1056
5102
-5815
-7170
-8707
-7244
6621
439
-4436
3291
4523
-7344
-6688
8808
1400
9087
6477
5963
-3117
2218
6157
-425
2688
-6890
-9828
7651
-874
1760
-5708
-1869
-6124
3778
-1178
8012
-5715
655
8748
-2566
-1632
-958
-3945
4346
7323
1861
839
9060
1690
-8534
-3532
-8549
-220
6215
-91
-6318
-5491
-8520
-7587
-8925
-7342
-7235
2754
-5140
-3853
6556
-585
-9255
2958
-5577
4523
-9256
-9661
-957
-2406
6964
-3837
-8189
1376
-9174
1394
-9765
-4040
-2340
-4708
-7160
7474
-3216
-6132
-4860
3502
-7196
-1759
7673
-5225
-4397
5412
-8806
-1801
-9234
-7555
93
-3899
-2734
-3934
-4277
-8888
-9263
-1379
2068
6643
-7302
-772
-8413
-1196
-7578
5929
-4906
8692
-6694
8206
-7369
6001
-2182
45
1719
1626
-8211
-5733
-8009
-8448
-5032
2735
609
7504
-8699
3257
7817
-8407
8692
-8272
6737
7287
924
-2379
804
2700
-3346
-1132
-7648
-1202
318
-8374
-5108
-8316
8938
3216
7407
6345
3470
3220
8446
5593
-3371
516
1674
-914
7743
-6793
-2497
-1712
7235
-6500
9123
-8422
-8532
-5532
-4923
-9803
8365
8143
-5028
2044
-8086
2317
358
-6659
-2157
-1076
7690
-2792
4974
-8528
-2754
-4529
-7595
-8857
657
-9593
5070
-8283
4080
-6553
-8635
3188
686
-3182
-8374
-6686
-9785
4469
-1861
7210
7104
4451
-1752
-3598
3678
3435
-9842
-1668
-8757
-1182
-5359
-9705
2438
5763
5377
3652
8297
-9675
2934
-5331
-5750
6647
-5938
-8475
679
-2150
-8370
-6460
-8285
-5472
-1292
-6780
8192
6887
-6509
1919
6347
5126
-3411
6346
-9751
-3263
-9526
-4738
7930
-8930
-9251
4047
564
-2902
-5860
9014
-8465
-6530
2959
-9543
388
-3277
4847
-4173
1804
5741
-3383
5838
-9891
-8580
-8774
4674
2271
-6542
6428
-6830
2860
5712
-5581
6637
6173
7924
-7281
-392
-2900
-3293
2099
3740
-9612
-1182
-8316
4722
-6073
-6966
-8470
-376
-9721
-9239
-5459
-6369
-9880
-6241
-4848
6509
8967
-4801
-8224
-2894
-207
-9031
-3846
-5054
8175
5446
-6592
1588
-5997
-4762
7851
-4903
-6358
2000
5450
414
8859
-4372
747
-763
-8073
-3196
-7109
2099
1170
-9213
6516
2413
2771
-4667
-235
-8099
-5069
-5007
-6053
8542
-7336
5862
5670
-2396
8750
-935
-4380
4164
-7967
8568
9113
-2757
-2568
3861
6773
3339
3575
1663
-4822
-7011
7202
3178
2899
7387
8054
118
7941
7794
4597
5949
-9834
7773
-1947
6032
-2250
-7003
-919
-6858
-390
1986
-8817
-2150
65
1726
-9203
-728
-5019
8033
-2316
5550
-2551
2391
8938
-9043
-8661
-1391
-7038
7407
-1326
-1368
247
-3050
8691
-4792
8401
-8660
8314
524
-3889
3775
-5743
433
-7948
2316
-8195
-649
-6887
-8828
6589
-1219
-4863
9032
110
8171
-1501
-3102
7958
-2905
4692
8264
-9965
798
3591
-9022
-8262
3357
-1717
-5143
2449
8581
82
3580
1922
3032
1292
6140
339
-3378
8276
1112
-4504
-8211
-9183
9017
-6505
339
5964
-9481
5832
1503
-7495
1219
4956
-3030
3739
2582
5966
-8927
577
-2429
-8932
7380
-2153
7131
7822
680
-2891
6201
-3122
1483
5682
1336
-2057
-6421
2768
7370
-20
3697
6607
522
6517
-2237
-1852
-9054
6076
7987
7748
-5049
8416
7833
-9826
-735
5168
704
44
-2760
3065
-7191
-8805
1938
-6771
8886
2764
-5652
4944
292
-6725
1376
3325
5493
-7398
-7732
-6410
-9945
177
2428
-769
-3099
-8945
8959
2056
-7842
6908
-1831
1309
-3583
5292
6362
2659
-4472
-5696
-2829
2502
-5332
-2708
6755
4122
-6200
-4875
-4217
4711
-3628
749
-7077
5231
7029
-4325
5112
-9474
6740
7132
-3836
-8247
-8641
9006
-8929
-8022
-5405
2162
-1474
4124
-3963
7840
-2203
1189
4555
-1111
8045
1887
2546
7429
-4570
-8225
4396
-5752
-4317
532
3985
2061
3404
-9259
-9821
5835
5043
-2481
7264
-4583
1143
-5214
-3780
4776
-474
761
5722
782
-1327
-2345
-7048
857
-9324
-1860
-3246
-6775
-2897
8434
1701
-5612
-3519
6235
3322
-338
-2884
1658
7882
-2215
3944
-675
-7203
-9723
3049
-863
6870
3258
-4334
6893
-2098
3793
-4824
-6387
4698
7152
-2420
-6873
1385
-4737
3111
6078
-1268
5732
4941
2875
8060
4031
587
5682
-2340
6992
2003
-2063
5961
8472
-5143
-7326
6932
662
394
2619
6683
-667
531
7032
8335
-7133
-8463
5294
-7918
-6012
-9728
2618
3797
6990
-9407
-3812
-5540
-9827
201
-7162
-7329
-893
-767
33
-8210
6362
-3224
5349
2294
-5094
-4682
-9278
3993
-9508
8518
8522
-4800
7032
3663
5192
2494
4417
3599
-6329
6720
8508
3264
8094
7879
7792
7338
6759
-9540
-2445
-52
-2425
-9900
-9502
5242
-8027
5215
-4689
-7001
6300
7794
8674
7749
3305
7596
-8806
-9013
-3449
-4367
4133
-533
-2623
4632
-4438
2437
-7594
-6902
-2195
6594
3625
-3309
-2317
-9739
-3563
-332
942
8422
-5298
-8210
1690
9101
-2817
1417
6423
-4999
7169
-9242
9083
-9502
6684
6804
786
1125
-4549
7212
-7430
2067
3662
-2816
2836
7999
-2591
-2160
-1502
-392
110
8412
1311
-6364
-3347
-8104
5409
-5239
3067
4155
-7717
5084
7332
-9440
4392
-8353
-6862
-2694
9034
5944
5028
5681
3933
-1651
-2903
7999
-5241
6642
-1923
2815
1691
8467
-7081
-3185
4014
7881
-1429
5446
2969
4787
-8605
-3975
7182
420
4928
-3390
3858
3101
1916
1189
4860
-9898
-2071
1677
3703
3552
-5522
-7039
5663
-2222
6260
7890
5807
-9748
-7537
-7060
2164
517
-4330
5634
2199
-3184
3461
-5753
4548
-997
7623
-6487
2545
-9513
-5860
782
-5274
6011
7078
1589
537
366
2235
-9539
3402
-4391
8907
-4809
7650
-7371
-659
6930
-2043
1987
3569
-6659
-2570
5405
8113
-1956
-4235
-6318
6252
-5301
5053
-9035
-460
5176
-6363
-4522
3164
8919
-7703
-2
1527
-8202
7405
-4792
-7768
-3410
-2967
-1730
-4280
1919
8785
-9307
4680
-9443
-3959
-9201
-6648
-1555
7022
-966
-4176
-3146
3237
-2464
-5468
2436
5193
-6270
-8447
2172
-1412
-455
4632
7082
-9540
1771
-4941
-7779
3172
1523
-8989
6618
7086
