1000 10000
734
685
544
736
929
569
764
599
804
243
626
295
685
185
585
546
977
162
434
976
694
129
866
524
263
153
703
724
733
685
929
491
830
523
990
938
796
435
563
972
469
584
364
810
175
224
888
692
743
220
729
980
483
841
152
487
744
800
767
832
578
72
929
568
554
705
327
317
465
312
870
247
365
790
271
788
454
552
899
413
585
469
518
561
953
829
719
245
779
117
791
438
58
629
81
667
136
613
32
254
545
437
725
210
689
31
701
489
59
665
196
294
651
328
474
966
860
454
544
133
380
28
726
879
229
652
496
41
57
373
606
226
624
573
497
959
383
882
688
708
491
94
561
758
31
695
54
161
977
74
882
822
261
544
179
138
932
750
804
991
293
874
498
435
273
114
767
703
561
670
303
116
804
220
139
262
594
589
93
708
601
255
470
789
121
43
659
113
280
545
673
353
663
682
481
398
190
38
938
769
578
466
794
699
706
254
425
465
743
889
800
282
329
642
392
564
813
90
959
577
297
942
21
707
874
907
524
582
459
632
845
589
961
48
459
436
813
311
185
335
26
161
686
880
138
453
949
663
790
331
246
862
353
305
657
301
314
237
839
690
290
276
213
330
226
995
45
287
520
919
34
719
440
582
622
453
976
541
744
638
145
822
815
562
58
300
731
175
133
271
921
683
431
769
279
839
360
532
285
745
365
851
714
269
447
478
143
138
159
416
794
381
617
908
145
843
861
143
968
274
983
146
286
897
908
405
151
149
456
245
241
124
838
958
824
32
523
735
962
503
388
839
38
317
354
925
607
826
569
654
413
971
44
663
143
427
195
766
114
425
649
153
48
600
495
354
251
420
954
853
59
571
709
758
799
784
864
34
898
262
598
619
744
672
950
737
261
249
908
48
967
46
389
658
608
814
390
94
132
603
737
73
398
419
561
377
310
699
210
671
436
449
196
824
941
981
667
356
476
812
550
687
962
352
460
959
429
44
204
262
957
232
851
545
847
322
725
747
337
467
277
987
722
290
543
734
123
289
666
763
632
847
579
993
119
235
374
160
457
647
839
279
844
209
934
44
901
626
572
819
897
165
696
40
999
791
727
841
68
358
151
401
346
450
297
913
58
375
928
928
736
800
331
872
191
164
301
843
433
144
576
574
20
120
352
842
729
626
710
330
875
785
418
783
210
531
405
86
102
364
429
94
725
719
97
604
512
573
100
119
418
861
839
1000
885
35
427
462
222
662
935
273
146
536
234
630
350
778
762
529
1000
155
186
798
425
953
644
58
645
559
763
170
791
705
900
990
795
121
817
53
482
427
405
918
269
815
109
801
770
742
360
211
517
224
50
331
241
182
71
248
324
785
997
255
372
440
477
829
990
649
156
734
171
297
901
208
234
558
701
425
40
558
835
152
217
157
968
243
601
939
952
806
204
546
451
754
206
472
413
664
772
905
769
481
833
862
393
131
430
224
308
558
687
529
333
696
800
826
540
536
337
641
211
719
698
35
556
953
782
923
177
877
364
955
486
266
992
374
638
247
126
580
537
229
511
115
463
494
990
41
114
541
273
68
328
446
205
323
751
701
953
760
226
439
977
153
272
554
905
421
238
662
885
634
941
268
773
249
52
206
470
239
612
282
622
837
587
260
361
561
432
544
449
921
250
84
210
226
915
190
586
441
94
32
601
492
474
732
653
856
374
611
56
609
698
405
608
470
990
559
953
215
838
541
774
515
66
443
638
683
323
977
183
408
863
817
461
830
399
523
914
573
301
885
503
259
734
685
942
499
377
981
644
849
619
42
780
309
476
465
1000
868
271
136
81
186
66
521
257
951
21
206
871
767
891
469
716
163
380
608
133
891
961
149
599
439
348
703
234
710
882
858
291
86
703
571
772
758
552
352
318
122
749
875
707
429
728
453
113
724
335
800
338
615
881
388
799
788
983
615
638
353
431
182
576
760
109
381
482
635
293
727
20
473
431
814
831
45
186
420
993
262
575
695
999
287
275
888
782
407
367
34
435
695
190
708
346
322
543
612
510
746
863
945
692
234
961
368
349
957
167
546
36
742
88
39
359
894
493
975
446
331
932
24
380
742
857
461
77
822
648
521
31
330
669
965
254
583
386
313
361
62
618
235
518
46
21
465
653
151
291
142
284
906
667
620
367
427
708
284
680
908
210
854
367
558
759
923
163
674
306
120
678
937
943
236
649
468
707
941
293
128
837
203
777
961
138
999
776
643
35
115
899
726
289
32
86
833
277
873
624
195
315
28
224
398
990
336
849
512
